23167,
23117,
22969,
22722,
22378,
21938,
21403,
20778,
20063,
19263,
18380,
17418,
16382,
15275,
14103,
12871,
11583,
10246,
8866,
7447,
5996,
4520,
3024,
1515,
0,
-1515,
-3024,
-4520,
-5996,
-7447,
-8866,
-10246,
-11583,
-12871,
-14103,
-15275,
-16382,
-17418,
-18380,
-19263,
-20063,
-20778,
-21403,
-21938,
-22378,
-22722,
-22969,
-23117,
-23167,
-23117,
-22969,
-22722,
-22378,
-21938,
-21403,
-20778,
-20063,
-19263,
-18380,
-17418,
-16382,
-15275,
-14103,
-12871,
-11583,
-10246,
-8866,
-7447,
-5996,
-4520,
-3024,
-1515,
0,
1515,
3024,
4520,
5996,
7447,
8866,
10246,
11583,
12871,
14103,
15275,
16382,
17418,
18380,
19263,
20063,
20778,
21403,
21938,
22378,
22722,
22969,
23117,
