1116
,9771
,18967
,25593
,29200
,29205
,26081
,19807
,10965
,896
,-9181
,-18221
,-24966
,-29005
,-29376
,-26553
,-20357
,-11770
,-1849
,8322
,17323
,24226
,28822
,29480
,26838
,21084
,12534
,2861
,-7418
,-16644
,-23854
,-28421
,-29534
,-27108
,-21654
,-13467
,-3691
,6479
,16051
,23404
,28018
,29601
,27349
,22265
,14379
,4616
,-5513
,-15145
,-22906
,-27767
,-29698
,-27959
,-22649
,-15087
,-5548
,4674
,14260
,22401
,27550
,29645
,28239
,23070
,15892
,6503
,-3758
,-13482
,-21744
,-27322
,-29562
,-28565
,-24088
,-16605
,-7441
,2832
,12527
,20911
,26870
,29498
,28740
,24649
,17308
,8185
,-1869
,-11726
,-20321
,-26602
,-29371
,-29005
,-25236
,-18349
,-9095
,866
,10972
,19635
,25985
,29320
,29119
,25617
,18941
,10063
,-12
,-10000
,-18689
,-25322
,-29251
,-29204
,-26028
,-19642
,-10890
,-977
,9181
,18132
,24936
,28908
,29331
,26320
,20315
,11886
,1912
,-8294
,-17431
,-24402
,-28608
,-29436
,-26617
,-20992
,-12671
,-2712
,7333
,16559
,24045
,28351
,29685
,27192
,21406
,13429
,3692
,-6416
,-15828
,-23484
,-28176
,-29698
,-27481
,-21984
,-14434
,-4573
,5568
,15194
,23000
,28005
,29610
,28016
,22872
,15012
,5586
,-4731
,-14111
,-22227
,-27626
,-29606
,-28238
,-23507
,-15694
,-6492
,3731
,13438
,21714
,27389
,29527
,28580
,24155
,16835
,7304
,-2740
,-12690
,-20857
,-26774
,-29570
,-28706
,-24602
,-17424
,-8244
,1807
,11713
,20090
,26304
,29546
,28821
,25101
,18132
,9125
,-916
,-10975
,-19577
,-25916
,-29260
,-29022
,-25412
,-18916
,-10108
,-6
,10120
,18906
,25418
,29017
,29265
,25912
,19582
,10971
,917
,-9124
,-18134
,-25100
,-28819
,-29550
,-26299
,-20094
,-11711
,-1807
,8242
,17428
,24595
,28714
,29563
,26780
,20851
,12700
,2721
,-7249
,-16773
,-24169
,-28573
,-29532
,-27384
,-21718
,-13436
,-3732
,6492
,15695
,23505
,28239
,29606
,27625
,22230
,14109
,4731
,-5584
,-15015
,-22868
,-28020
,-29605
,-28011
,-22995
,-15197
,-5565
,4571
,14436
,21980
,27485
,29695
,28177
,23486
,15826
,6417
,-3693
,-13428
,-21407
,-27189
,-29690
,-28347
,-24050
,-16552
,-7338
,2715
,12669
,20994
,26616
,29437
,28606
,24404
,17428
,8295
,-1911
,-11888
,-20312
,-26323
,-29330
,-28907
,-24935
,-18134
,-9179
,975
,10893
,19640
,26029
,29204
,29250
,25324
,18686
,10003
,11
,-10064
,-18941
,-25615
,-29124
,-29313
,-25991
,-19631
,-10975
,-865
,9096
,18348
,25237
,29003
,29373
,26600
,20323
,11724
,1870
,-8185
,-17309
,-24649
,-28741
,-29497
,-26872
,-20909
,-12527
,-2835
,7445
,16603
,24088
,28568
,29557
,27326
,21743
,13481
,3760
,-6505
,-15893
,-23066
,-28243
,-29643
,-27548
,-22406
,-14254
,-4680
,5553
,15084
,22652
,27955
,29702
,27763
,22910
,15142
,5515
,-4617
,-14379
,-22264
,-27346
,-29607
,-28009
,-23414
,-16042
,-6487
,3691
,13462
,21663
,27090
,29577
,28599
,23822
,16663
,7404
,-2851
,-12541
,-21078
,-26842
,-29478
,-28822
,-24230
,-17315
,-8334
,1864
,11753
,20376
,26530
,29403
,28974
,25001
,18183
,9221
,-938
,-10919
,-19858
,-26025
,-29268
,-29127
,-25678
,-18856
,-9968
,1
,9966
,18858
,25675
,29130
,29266
,26027
,19857
,10920
,935
,-9217
,-18187
,-24996
,-28980
,-29398
,-26533
,-20374
,-11755
,-1863
,8332
,17319
,24224
,28828
,29471
,26847
,21076
,12540
,2855
,-7412
,-16651
,-23846
,-28429
,-29526
,-27116
,-21647
,-13472
,-3688
,6479
,16049
,23407
,28016
,29600
,27352
,22260
,14382
,4617
,-5515
,-15144
,-22905
,-27770
,-29695
,-27961
,-22648
,-15086
,-5551
,4678
,14256
,22406
,27548
,29643
,28243
,23065
,15895
,6503
,-3761
,-13477
,-21750
,-27317
,-29565
,-28564
,-24087
,-16607
,-7440
,2831
,12528
,20911
,26868
,29502
,28735
,24653
,17307
,8186
,-1868
,-11728
,-20320
,-26603
,-29370
,-29004
,-25237
,-18348
,-9096
,866
,10973
,19634
,25988
,29318
,29120
,25616
,18942
,10061
,-8
,-10005
,-18686
,-25324
,-29250
,-29205
,-26028
,-19642
,-10890
,-978
,9182
,18129
,24941
,28901
,29336
,26317
,20315
,11887
,1911
,-8292
,-17433
,-24398
,-28613
,-29431
,-26620
,-20990
,-12672
,-2714
,7336
,16555
,24049
,28346
,29691
,27187
,21409
,13427
,3693
,-6415
,-15828
,-23485
,-28178
,-29696
,-27482
,-21984
,-14433
,-4574
,5570
,15191
,23003
,28003
,29612
,28014
,22873
,15012
,5586
,-4731
,-14110
,-22230
,-27623
,-29608
,-28238
,-23505
,-15697
,-6490
,3730
,13437
,21719
,27381
,29536
,28568
,24174
,16769
,7252
,-2722
,-12701
,-20850
,-26779
,-29565
,-28712
,-24598
,-17427
,-8242
,1807
,11713
,20091
,26302
,29547
,28820
,25102
,18129
,9129
,-921
,-10969
,-19583
,-25911
,-29265
,-29018
,-25416
,-18910
,-10115
,2
,10111
,18913
,25415
,29018
,29264
,25912
,19582
,10971
,919
,-9128
,-18130
,-25103
,-28817
,-29550
,-26300
,-20094
,-11711
,-1808
,8243
,17426
,24598
,28711
,29567
,26777
,20852
,12700
,2722
,-7250
,-16772
,-24170
,-28572
,-29534
,-27381
,-21719
,-13437
,-3728
,6486
,15701
,23502
,28241
,29605
,27626
,22228
,14111
,4730
,-5585
,-15013
,-22872
,-28016
,-29607
,-28010
,-22996
,-15197
,-5565
,4571
,14435
,21982
,27482
,29699
,28175
,23485
,15828
,6415
,-3692
,-13427
,-21410
,-27186
,-29692
,-28345
,-24051
,-16552
,-7339
,2718
,12666
,20995
,26617
,29433
,28613
,24397
,17434
,8291
,-1910
,-11887
,-20314
,-26319
,-29335
,-28903
,-24938
,-18133
,-9178
,974
,10893
,19640
,26029
,29203
,29253
,25321
,18688
,10002
,10
,-10062
,-18942
,-25615
,-29123
,-29315
,-25989
,-19633
,-10973
,-866
,9095
,18351
,25232
,29010
,29365
,26608
,20316
,11729
,1868
,-8184
,-17311
,-24646
,-28744
,-29496
,-26871
,-20913
,-12522
,-2843
,7435
,16608
,24085
,28568
,29561
,27320
,21747
,13480
,3761
,-6506
,-15892
,-23068
,-28241
,-29643
,-27550
,-22403
,-14257
,-4677
,5550
,15086
,22650
,27958
,29699
,27765
,22909
,15142
,5517
,-4620
,-14377
,-22265
,-27347
,-29604
,-28014
,-23409
,-16047
,-6483
,3696
,13460
,21664
,27090
,29576
,28600
,23821
,16664
,7405
,-2851
,-12542
,-21077
,-26844
,-29476
,-28822
,-24231
,-17312
,-8339
,1868
,11750
,20379
,26529
,29402
,28975
,24999
,18184
,9221
,-939
,-10916
,-19862
,-26022
,-29271
,-29125
,-25680
,-18853
,-9970
,2
,9966
,18855
,25680
,29125
,29270
,26024
,19858
,10921
,933
,-9215
,-18189
,-24996
,-28977
,-29401
,-26529
,-20378
,-11751
,-1867
,8337
,17313
,24231
,28822
,29477
,26843
,21078
,12541
,2852
,-7406
,-16661
,-23825
,-28596
,-29580
,-27087
,-21665
,-13460
,-3696
,6485
,16044
,23412
,28011
,29606
,27345
,22267
,14376
,4620
,-5517
,-15142
,-22908
,-27767
,-29697
,-27961
,-22646
,-15089
,-5548
,4674
,14260
,22401
,27551
,29643
,28241
,23068
,15892
,6504
,-3759
,-13479
,-21748
,-27319
,-29565
,-28561
,-24092
,-16601
,-7446
,2836
,12524
,20913
,26869
,29499
,28740
,24648
,17311
,8184
,-1869
,-11726
,-20320
,-26603
,-29371
,-29004
,-25237
,-18347
,-9096
,865
,10973
,19634
,25988
,29317
,29121
,25615
,18943
,10061
,-9
,-10003
,-18689
,-25320
,-29255
,-29199
,-26032
,-19639
,-10892
,-977
,9183
,18129
,24941
,28902
,29335
,26319
,20314
,11888
,1910
,-8294
,-17430
,-24402
,-28610
,-29432
,-26620
,-20989
,-12674
,-2710
,7333
,16557
,24048
,28347
,29690
,27188
,21408
,13427
,3694
,-6418
,-15826
,-23485
,-28179
,-29693
,-27486
,-21980
,-14436
,-4573
,5568
,15194
,23000
,28005
,29610
,28015
,22873
,15011
,5587
,-4731
,-14111
,-22228
,-27625
,-29606
,-28238
,-23505
,-15698
,-6490
,3732
,13435
,21720
,27382
,29533
,28574
,24167
,16775
,7247
,-2719
,-12701
,-20852
,-26777
,-29567
,-28709
,-24600
,-17424
,-8246
,1812
,11707
,20096
,26298
,29551
,28816
,25107
,18123
,9139
,-935
,-10949
,-19620
,-25785
,-29153
,-29056
,-25394
,-18926
,-10102
,-8
,10119
,18907
,25418
,29017
,29265
,25911
,19582
,10971
,918
,-9126
,-18132
,-25102
,-28817
,-29551
,-26299
,-20092
,-11713
,-1805
,8240
,17430
,24595
,28714
,29562
,26782
,20847
,12703
,2719
,-7249
,-16770
,-24174
,-28568
,-29536
,-27382
,-21718
,-13437
,-3732
,6493
,15694
,23508
,28237
,29606
,27626
,22226
,14115
,4726
,-5582
,-15015
,-22872
,-28014
,-29610
,-28007
,-22997
,-15198
,-5564
,4570
,14436
,21982
,27482
,29698
,28176
,23484
,15829
,6414
,-3691
,-13427
,-21411
,-27183
,-29695
,-28343
,-24051
,-16555
,-7335
,2713
,12670
,20992
,26618
,29434
,28611
,24398
,17434
,8292
,-1910
,-11887
,-20316
,-26317
,-29336
,-28902
,-24939
,-18130
,-9183
,979
,10888
,19643
,26029
,29203
,29252
,25323
,18686
,10004
,10
,-10063
,-18941
,-25614
,-29124
,-29314
,-25991
,-19631
,-10976
,-863
,9093
,18351
,25234
,29006
,29370
,26603
,20321
,11725
,1870
,-8187
,-17307
,-24650
,-28740
,-29498
,-26871
,-20911
,-12526
,-2840
,7434
,16608
,24085
,28568
,29560
,27322
,21746
,13481
,3757
,-6502
,-15894
,-23066
,-28242
,-29643
,-27551
,-22400
,-14260
,-4675
,5550
,15086
,22650
,27956
,29702
,27762
,22912
,15140
,5517
,-4619
,-14377
,-22266
,-27348
,-29602
,-28016
,-23408
,-16046
,-6486
,3700
,13456
,21667
,27088
,29578
,28598
,23823
,16662
,7407
,-2853
,-12539
,-21081
,-26841
,-29477
,-28823
,-24228
,-17316
,-8334
,1864
,11753
,20377
,26529
,29404
,28973
,25000
,18185
,9218
,-935
,-10920
,-19858
,-26025
,-29268
,-29128
,-25677
,-18857
,-9967
,1
,9966
,18858
,25675
,29129
,29268
,26025
,19860
,10917
,939
,-9221
,-18183
,-25001
,-28974
,-29404
,-26527
,-20380
,-11750
,-1862
,8338
,17314
,24230
,28822
,29475
,26847
,21074
,12542
,2851
,-7406
,-16661
,-23823
,-28600
,-29576
,-27089
,-21665
,-13458
,-3699
,6488
,16042
,23414
,28010
,29605
,27348
,22263
,14381
,4615
,-5514
,-15143
,-22908
,-27765
,-29700
,-27957
,-22651
,-15085
,-5550
,4676
,14258
,22402
,27550
,29643
,28242
,23066
,15895
,6501
,-3757
,-13481
,-21746
,-27321
,-29561
,-28568
,-24083
,-16610
,-7438
,2831
,12528
,20909
,26872
,29496
,28741
,24650
,17308
,8185
,-1869
,-11726
,-20321
,-26601
,-29373
,-29002
,-25240
,-18345
,-9098
,868
,10971
,19634
,25987
,29318
,29122
,25613
,18944
,10060
,-8
,-10004
,-18686
,-25324
,-29250
,-29204
,-26029
,-19641
,-10890
,-979
,9183
,18130
,24938
,28906
,29331
,26321
,20314
,11886
,1914
,-8297
,-17428
,-24402
,-28610
,-29434
,-26617
,-20993
,-12669
,-2716
,7336
,16556
,24048
,28347
,29690
,27188
,21407
,13430
,3690
,-6414
,-15827
,-23486
,-28176
,-29697
,-27483
,-21982
,-14435
,-4573
,5568
,15193
,23001
,28005
,29610
,28015
,22872
,15013
,5585
,-4730
,-14111
,-22230
,-27622
,-29611
,-28233
,-23510
,-15694
,-6491
,3731
,13436
,21718
,27382
,29536
,28568
,24174
,16769
,7251
,-2721
,-12701
,-20852
,-26776
,-29568
,-28709
,-24600
,-17425
,-8244
,1809
,11711
,20094
,26299
,29550
,28817
,25104
,18129
,9128
,-919
,-10972
,-19580
,-25914
,-29262
,-29019
,-25417
,-18909
,-10115
,1
,10114
,18909
,25417
,29018
,29264
,25913
,19580
,10971
,921
,-9130
,-18127
,-25105
,-28819
,-29546
,-26303
,-20091
,-11714
,-1807
,8242
,17428
,24596
,28713
,29564
,26780
,20850
,12701
,2721
,-7250
,-16771
,-24172
,-28570
,-29534
,-27383
,-21718
,-13437
,-3729
,6488
,15699
,23503
,28240
,29605
,27627
,22225
,14116
,4726
,-5583
,-15013
,-22874
,-28012
,-29613
,-28003
,-23002
,-15192
,-5570
,4575
,14433
,21983
,27482
,29697
,28177
,23486
,15825
,6418
,-3694
,-13427
,-21407
,-27191
,-29687
,-28349
,-24047
,-16556
,-7336
,2715
,12669
,20995
,26615
,29436
,28609
,24400
,17432
,8294
,-1913
,-11884
,-20318
,-26317
,-29334
,-28905
,-24936
,-18134
,-9179
,977
,10889
,19643
,26028
,29204
,29251
,25323
,18686
,10005
,7
,-10061
,-18942
,-25615
,-29122
,-29317
,-25988
,-19633
,-10973
,-866
,9095
,18351
,25232
,29008
,29370
,26601
,20324
,11722
,1872
,-8186
,-17309
,-24649
,-28741
,-29498
,-26870
,-20912
,-12524
,-2843
,7437
,16606
,24088
,28564
,29565
,27316
,21752
,13477
,3760
,-6503
,-15894
,-23067
,-28241
,-29644
,-27548
,-22405
,-14256
,-4677
,5549
,15089
,22647
,27959
,29699
,27765
,22909
,15143
,5513
,-4615
,-14381
,-22262
,-27349
,-29605
,-28012
,-23411
,-16045
,-6485
,3697
,13460
,21663
,27092
,29574
,28602
,23819
,16666
,7403
,-2849
,-12542
,-21079
,-26842
,-29477
,-28822
,-24230
,-17315
,-8335
,1864
,11754
,20376
,26530
,29401
,28974
,25001
,18184
,9220
,-938
,-10918
,-19859
,-26024
,-29268
,-29129
,-25677
,-18855
,-9969
,3
,9963
,18860
,25675
,29129
,29267
,26025
,19860
,10918
,936
,-9218
,-18187
,-24997
,-28976
,-29402
,-26529
,-20376
,-11755
,-1862
,8333
,17316
,24230
,28821
,29478
,26842
,21079
,12540
,2852
,-7406
,-16662
,-23822
,-28600
,-29574
,-27093
,-21662
,-13461
,-3696
,6484
,16048
,23406
,28017
,29601
,27348
,22266
,14375
,4622
,-5518
,-15141
,-22910
,-27765
,-29698
,-27960
,-22647
,-15088
,-5550
,4678
,14256
,22403
,27550
,29643
,28242
,23066
,15895
,6501
,-3757
,-13481
,-21746
,-27322
,-29560
,-28567
,-24087
,-16606
,-7436
,2842
,12524
,20912
,26870
,29497
,28744
,24643
,17316
,8177
,-1862
,-11732
,-20316
,-26607
,-29366
,-29008
,-25234
,-18350
,-9094
,865
,10974
,19633
,25987
,29319
,29121
,25613
,18946
,10059
,-9
,-10001
,-18693
,-25316
,-29258
,-29198
,-26033
,-19640
,-10891
,-976
,9180
,18134
,24934
,28907
,29332
,26321
,20313
,11888
,1908
,-8290
,-17434
,-24400
,-28608
,-29439
,-26612
,-20997
,-12667
,-2716
,7337
,16554
,24050
,28346
,29691
,27186
,21410
,13427
,3692
,-6416
,-15827
,-23486
,-28175
,-29698
,-27482
,-21983
,-14434
,-4573
,5567
,15196
,22997
,28009
,29607
,28017
,22871
,15014
,5584
,-4729
,-14111
,-22230
,-27622
,-29610
,-28235
,-23506
,-15698
,-6489
,3730
,13437
,21719
,27381
,29536
,28570
,24171
,16773
,7247
,-2718
,-12703
,-20848
,-26783
,-29560
,-28717
,-24592
,-17431
,-8240
,1805
,11714
,20090
,26303
,29546
,28821
,25101
,18129
,9134
,-932
,-10949
,-19620
,-25787
,-29151
,-29057
,-25393
,-18926
,-10104
,-7
,10119
,18907
,25418
,29016
,29265
,25912
,19581
,10972
,918
,-9127
,-18132
,-25099
,-28823
,-29544
,-26304
,-20089
,-11714
,-1806
,8240
,17432
,24593
,28715
,29563
,26779
,20851
,12699
,2722
,-7250
,-16771
,-24172
,-28569
,-29537
,-27379
,-21724
,-13430
,-3736
,6494
,15694
,23507
,28237
,29608
,27623
,22230
,14109
,4732
,-5586
,-15014
,-22868
,-28021
,-29603
,-28011
,-22995
,-15198
,-5565
,4570
,14437
,21982
,27480
,29700
,28174
,23485
,15830
,6412
,-3689
,-13430
,-21408
,-27186
,-29691
,-28346
,-24051
,-16553
,-7339
,2719
,12665
,20995
,26615
,29436
,28610
,24401
,17430
,8295
,-1912
,-11885
,-20316
,-26319
,-29333
,-28906
,-24936
,-18131
,-9183
,978
,10890
,19641
,26030
,29201
,29255
,25319
,18692
,9998
,13
,-10062
,-18944
,-25613
,-29125
,-29314
,-25991
,-19630
,-10977
,-864
,9095
,18348
,25238
,29003
,29372
,26601
,20323
,11725
,1869
,-8184
,-17309
,-24649
,-28739
,-29501
,-26868
,-20912
,-12526
,-2834
,7442
,16605
,24089
,28563
,29565
,27318
,21750
,13477
,3761
,-6504
,-15893
,-23068
,-28239
,-29647
,-27546
,-22407
,-14255
,-4677
,5550
,15087
,22648
,27958
,29700
,27764
,22912
,15139
,5518
,-4619
,-14380
,-22260
,-27354
,-29598
,-28019
,-23404
,-16052
,-6477
,3688
,13469
,21653
,27108
,29535
,28420
,23855
,16643
,7418
,-2861
,-12533
,-21085
,-26837
,-29480
,-28825
,-24222
,-17326
,-8321
,1849
,11769
,20357
,26555
,29372
,29010
,24960
,18228
,9174
,-890
,-10969
,-19806
,-26082
,-29206
,-29196
,-25598
,-18961
,-9781
,-1070
,184
,-103
,79
,-69
,64
,-59
,54
,-49
,45
,-42
,39
,-35
,31
,-26
,21
,-17
,13
,-9
,6
,-3
,0
,2
,-3
,4
,-6
,7
,-9
,11
,-12
,11
,-10
,9
,-8
,7
,-7
,7
,-6
,5
,-4
,3
,-3
,3
,-1
,-1
,3
,-5
,6
,-6
,5
,-4
,3
,-3
,4
,-5
,4
,-3
,2
,-1
,1
,-2
,3
,-3
,3
,-3
,3
,-3
,3
,-3
,3
,-2
,0
,1
,-1
,1
,-1
,1
,-2
,3
,-4
,5
,-5
,4
,-2
,0
,1
,-1
,1
,0
,-1
,1
,-1
,1
,-1
,0
,0
,1
,-1
,1
,-1
,0
,1
,-1
,1
,0
,-1
,2
,-2
,2
,-1
,-1
,2
,-2
,2
,-1
,0
,0
,0
,0
,1
,-2
,2
,-2
,2
,-2
,1
,0
,-1
,1
,0
,0
,0
,0
,-1
,1
,1
,-2
,1
,0
,-1
,2
,-2
,1
,0
,-1
,2
,-2
,0
,1
,-1
,1
,0
,-1
,1
,0
,-1
,2
,-2
,2
,-3
,3
,-2
,0
,1
,-1
,0
,2
,-4
,4
,-4
,5
,-5
,5
,-5
,4
,-3
,3
,-3
,3
,-2
,1
,-1
,1
,-1
,1
,-1
,1
,0
,0
,-1
,2
,-3
,4
,-4
,3
,-2
,1
,-1
,1
,-1
,1
,-1
,1
,-1
,0
,1
,-1
,0
,1
,-2
,2
,-1
,1
,-1
,1
,-1
,0
,2
,-2
,1
,-1
,2
,-2
,2
,-2
,2
,-2
,2
,-1
,0
,1
,-3
,3
,-1
,1
,-1
,0
,0
,0
,0
,1
,-1
,1
,-1
,0
,0
,1
,-2
,3
,-3
,2
,-1
,-1
,2
,-1
,0
,0
,0
,0
,0
,0
,0
,0
,0
,0
,0
,0
,0
,1
,-2
,2
,-2
,3
,-2
,1
,-2
,2
,-1
,1
,-1
,1
,-1
,1
,0
,-1
,1
,-1
,1
,0
,-1
,2
,-3
,3
,-2
,0
,3
,-6
,6
,-5
,5
,-5
,4
,-4
,3
,-1
,0
,0
,0
,-1
,2
,-1
,-1
,3
,-4
,4
,-3
,3
,-4
,4
,-3
,1
,1
,-2
,1
,0
,-1
,2
,-2
,2
,-2
,1
,0
,0
,1
,-2
,2
,-2
,2
,-1
,1
,-1
,0
,1
,-1
,1
,0
,-1
,1
,-1
,1
,-1
,2
,-2
,1
,-1
,1
,0
,0
,1
,-3
,3
,-2
,2
,-2
,1
,0
,-1
,1
,0
,-2
,3
,-3
,3
,-3
,2
,-1
,-1
,3
,-4
,4
,-3
,1
,1
,-2
,2
,-1
,-1
,3
,-4
,3
,-2
,1
,0
,0
,0
,-1
,2
,-3
,4
,-3
,1
,0
,-1
,2
,-2
,1
,-1
,1
,0
,-1
,2
,-3
,3
,-2
,2
,-2
,2
,-2
,2
,-1
,0
,0
,0
,0
,1
,-2
,3
,-3
,2
,-1
,1
,-1
,1
,-1
,1
,-1
,1
,-1
,1
,-1
,0
,1
,-1
,2
,-2
,1
,0
,0
,0
,0
,0
,0
,0
,0
,0
,0
,-1
,1
,-1
,2
,-1
,-1
,1
,-1
,1
,0
,-1
,1
,0
,-1
,1
,-2
,4
,-5
,5
,-5
,4
,-3
,2
,-1
,-1
,3
,-3
,2
,-1
,-1
,3
,-3
,2
,-1
,0
,0
,1
,-2
,1
,0
,0
,0
,0
,0
,0
,0
,1
,-3
,4
,-3
,1
,0
,0
,0
,0
,0
,0
,1
,-2
,2
,-1
,1
,-2
,3
,-3
,2
,-1
,0
,0
,1
,-2
,2
,-1
,0
,1
,-2
,2
,-2
,3
,-3
,2
,-2
,3
,-3
,3
,-4
,4
,-3
,3
,-3
,2
,-1
,0
,1
,-1
,2
,-2
,1
,0
,0
,0
,1
,-2
,2
,-1
,0
,1
,-1
,0
,1
,-1
,1
,-1
,1
,-2
,3
,-4
,4
,-3
,2
,-2
,1
,0
,0
,0
,0
,0
,0
,1
,-2
,2
,-1
,1
,-1
,1
,-1
,1
,-1
,2
,-3
,4
,-4
,2
,1
,-3
,4
,-4
,2
,1
,-1
,0
,0
,0
,0
,1
,-1
,0
,0
,1
,-1
,1
,-2
,2
,0
,-1
,1
,0
,-3
,6
,-6
,4
,-1
,-1
,2
,-2
,1
,0
,0
,0
,-1
,1
,-1
,1
,0
,-1
,1
,-1
,0
,1
,-1
,1
,-2
,2
,-2
,3
,-3
,2
,-2
,1
,1
,-2
,2
,-2
,1
,0
,-1
,1
,-1
,2
,-2
,1
,0
,-2
,3
,-2
,1
,0
,-1
,0
,1
,0
,-1
,1
,0
,-1
,2
,-3
,2
,-1
,0
,1
,-1
,1
,-2
,2
,-1
,0
,2
,-4
,4
,-3
,2
,-1
,0
,0
,0
,0
,0
,0
,0
,0
,1
,-2
,3
,-4
,4
,-3
,3
,-3
,3
,-3
,3
,-3
,2
,-1
,0
,0
,0
,-1
,2
,-3
,3
,-2
,2
,-2
,1
,0
,0
,1
,-2
,2
,-1
,0
,0
,1
,-1
,1
,-1
,0
,0
,1
,-1
,1
,-1
,1
,-1
,2
,-3
,3
,-3
,3
,-2
,1
,0
,-1
,1
,0
,-1
,2
,-3
,4
,-4
,3
,-2
,2
,-1
,-1
,2
,-2
,2
,-1
,0
,0
,0
,0
,0
,1
,-2
,2
,-2
,2
,-1
,0
,-1
,2
,-3
,4
,-4
,3
,-1
,0
,-1
,1
,0
,-1
,3
,-6
,8
,-8
,7
,-6
,5
,-4
,3
,-1
,0
,1
,-2
,2
,-1
,1
,-1
,1
,-1
,0
,1
,-1
,1
,-1
,1
,-2
,3
,-3
,2
,0
,-1
,1
,0
,-1
,1
,-1
,2
,-2
,2
,-2
,1
,0
,0
,0
,0
,0
,0
,0
,0
,0
,-1
,2
,-3
,3
,-2
,1
,-1
,0
,1
,-1
,2
,-3
,2
,-1
,1
,-1
,1
,-1
,0
,1
,-1
,0
,1
,-2
,1
,0
,0
,-1
,2
,-3
,3
,-2
,1
,0
,-1
,1
,0
,-1
,2
,-3
,3
,-2
,0
,2
,-3
,3
,-2
,1
,-1
,1
,0
,0
,-1
,1
,-1
,1
,0
,-1
,2
,-3
,3
,-2
,1
,0
,0
,-1
,2
,-2
,2
,-1
,0
,0
,1
,-2
,4
,-5
,3
,-2
,2
,-1
,1
,-2
,2
,-2
,2
,-1
,0
,1
,-2
,2
,-1
,0
,0
,1
,-1
,1
,-1
,0
,1
,-1
,1
,-1
,-1
,3
,-4
,4
,-3
,1
,1
,-1
,0
,1
,-1
,1
,-1
,0
,1
,-1
,1
,-1
,0
,0
,0
,0
,0
,-1
,2
,-3
,3
,-2
,1
,-1
,1
,-1
,1
,0
,-1
,1
,-1
,2
,-3
,3
,-3
,2
,1
,-4
,5
,-4
,2
,1
,-4
,5
,-4
,3
,-1
,-1
,2
,-2
,1
,0
,-1
,1
,-1
,1
,-1
,1
,-1
,1
,-1
,1
,-2
,3
,-3
,4
,-4
,2
,-1
,1
,0
,-1
,1
,-1
,1
,-1
,0
,1
,-2
,3
,-3
,2
,0
,-2
,3
,-2
,0
,1
,-1
,2
,-4
,5
,-5
,4
,-2
,-1
,2
,-1
,1
,-2
,2
,-2
,1
,1
,-2
,3
,-3
,1
,0
,0
,0
,1
,-3
,4
,-4
,3
,-2
,1
,0
,1
,-2
,2
,-2
,2
,0
,-2
,2
,-1
,0
,2
,-4
,3
,-1
,-1
,3
,-4
,4
,-4
,4
,-3
,2
,-1
,0
,1
,0
,-2
,3
,-3
,2
,0
,-2
,3
,-3
,3
,-3
,3
,-2
,1
,-1
,2
,-4
,5
,-4
,2
,0
,-1
,0
,2
,-4
,4
,-3
,1
,1
,-2
,1
,0
,0
,1
,-3
,3
,-3
,4
,-4
,3
,-3
,3
,-2
,1
,0
,0
,0
,1
,-2
,2
,-2
,2
,-1
,1
,-2
,2
,-2
,2
,0
,-1
,1
,-1
,1
,-1
,1
,-1
,1
,-1
,1
,-1
,1
,-1
,1
,-1
,1
,-1
,1
,-1
,0
,1
,-2
,2
,-2
,3
,-4
,4
,-4
,4
,-3
,2
,-1
,0
,0
,1
,-2
,2
,-1
,-1
,2
,-2
,1
,0
,0
,0
,0
,1
,-2
,2
,-1
,0
,2
,-3
,3
,-3
,3
,-3
,3
,-3
,3
,-3
,3
,-4
,4
,-2
,-1
,3
,-4
,4
,-4
,5
,-6
,6
,-5
,3
,-1
,0
,0
,1
,-2
,1
,0
,0
,0
,0
,0
,0
,1
,-2
,2
,-1
,1
,-1
,1
,-1
,1
,-2
,3
,-2
,1
,0
,-2
,3
,-2
,1
,0
,0
,0
,0
,0
,-1
,2
,-1
,0
,0
,0
,-1
,2
,-1
,0
,1
,-2
,2
,-2
,2
,-1
,0
,1
,-2
,1
,0
,0
,1
,-2
,1
,0
,0
,0
,0
,-1
,2
,-2
,1
,1
,-3
,3
,-1
,-1
,2
,-2
,1
,0
,-1
,1
,0
,0
,-1
,0
,2
,-3
,3
,-3
,2
,-1
,1
,-1
,0
,2
,-3
,3
,-2
,1
,0
,-1
,2
,-2
,2
,-2
,2
,-2
,1
,0
,0
,1
,-3
,3
,-3
,3
,-3
,3
,-3
,2
,-1
,0
,0
,1
,-1
,1
,-1
,0
,1
,-1
,1
,-1
,1
,-2
,3
,-3
,3
,-3
,2
,-1
,1
,-1
,1
,-1
,0
,1
,-1
,1
,0
,-2
,3
,-3
,3
,-2
,0
,2
,-3
,3
,-3
,3
,-3
,3
,-3
,2
,0
,-2
,3
,-3
,2
,0
,-2
,3
,-3
,3
,-3
,3
,-3
,2
,-1
,0
,0
,1
,-1
,0
,1
,-2
,2
,-1
,0
,1
,-1
,0
,1
,-2
,2
,-2
,2
,-1
,0
,0
,0
,0
,0
,1
,-3
,4
,-4
,4
,-3
,2
,-1
,0
,1
,-2
,2
,-1
,0
,1
,-3
,4
,-3
,2
,-1
,0
,-1
,2
,-2
,2
,-2
,1
,-1
,1
,0
,0
,-1
,1
,0
,0
,0
,0
,-1
,2
,-2
,2
,-3
,4
,-4
,4
,-3
,1
,0
,0
,-1
,2
,-3
,4
,-4
,3
,-2
,0
,2
,-3
,3
,-3
,3
,-3
,2
,-1
,0
,1
,-1
,-1
,2
,-1
,1
,-1
,0
,0
,0
,0
,1
,-2
,2
,-2
,1
,0
,0
,1
,-2
,1
,0
,0
,0
,-1
,1
,-1
,2
,-3
,2
,-1
,0
,2
,-3
,2
,-1
,0
,2
,-3
,3
,-4
,4
,-2
,0
,1
,-2
,3
,-3
,2
,-1
,0
,0
,1
,-2
,2
,-1
,0
,2
,-3
,3
,-2
,1
,0
,0
,0
,-1
,2
,-3
,4
,-3
,1
,0
,0
,0
,0
,0
,1
,-2
,3
,-3
,2
,0
,-1
,0
,1
,-1
,0
,1
,-1
,0
,1
,-2
,1
,1
,-2
,2
,-1
,-1
,2
,-3
,4
,-4
,4
,-4
,3
,-1
,-1
,3
,-3
,1
,1
,-2
,3
,-2
,0
,1
,0
,-1
,2
,-3
,3
,-2
,2
,-2
,1
,-1
,1
,0
,0
,0
,0
,-1
,1
,-1
,2
,-2
,1
,0
,-1
,2
,-2
,1
,0
,-1
,2
,-3
,3
,-3
,3
,-3
,4
,-4
,3
,-2
,1
,0
,0
,0
,0
,1
,-2
,2
,-2
,2
,-2
,1
,0
,0
,1
,-2
,1
,1
,-2
,2
,-2
,1
,0
,0
,-1
,1
,-1
,1
,-1
,0
,1
,-1
,1
,-2
,3
,-4
,5
,-5
,5
,-5
,4
,-3
,3
,-2
,0
,1
,-1
,1
,0
,-1
,2
,-3
,4
,-4
,3
,-1
,-2
,13
,108
,348
,699
,1110
,1402
,1454
,1045
,146
,-1331
,-3141
,-5180
,-6878
,-8122
,-8228
,-7016
,-4602
,-821
,3723
,8620
,13191
,16711
,18152
,17598
,14533
,9254
,2292
,-5770
,-13759
,-20563
,-25104
,-26496
,-25341
,-20680
,-12930
,-3855
,6311
,15707
,23227
,27984
,29595
,27420
,22355
,14533
,4770
,-5349
,-15005
,-22802
,-27717
,-29690
,-28021
,-22750
,-15225
,-5710
,4516
,14113
,22295
,27492
,29636
,28295
,23168
,16025
,6664
,-3598
,-13333
,-21635
,-27256
,-29553
,-28606
,-24188
,-16739
,-7594
,2680
,12379
,20794
,26800
,29484
,28777
,24742
,17442
,8339
,-1707
,-11578
,-20197
,-26531
,-29351
,-29037
,-25321
,-18481
,-9249
,702
,10821
,19512
,25908
,29293
,29150
,25697
,19068
,10214
,155
,-9854
,-18562
,-25237
,-29219
,-29230
,-26106
,-19763
,-11042
,-1140
,9028
,18001
,24854
,28864
,29358
,26389
,20432
,12035
,2075
,-8137
,-17300
,-24312
,-28565
,-29454
,-26683
,-21106
,-12818
,-2877
,7181
,16420
,23950
,28306
,29692
,27261
,21516
,13572
,3852
,-6257
,-15689
,-23385
,-28125
,-29702
,-27547
,-22086
,-14575
,-4736
,5410
,15050
,22898
,27950
,29611
,28067
,22980
,15149
,5749
,-4574
,-13969
,-22117
,-27566
,-29601
,-28285
,-23607
,-15836
,-6643
,3563
,13298
,21596
,27328
,29516
,28624
,24246
,16977
,7458
,-2577
,-12542
,-20746
,-26699
,-29557
,-28744
,-24695
,-17554
,-8403
,1650
,11559
,19980
,26216
,29533
,28853
,25187
,18261
,9280
,-757
,-10817
,-19462
,-25834
,-29237
,-29052
,-25495
,-19036
,-10265
,-166
,9963
,18785
,25336
,28984
,29291
,25989
,19704
,11119
,1084
,-8973
,-18003
,-25011
,-28789
,-29562
,-26382
,-20208
,-11859
,-1970
,8087
,17295
,24504
,28674
,29576
,26854
,20960
,12851
,2880
,-7092
,-16632
,-24077
,-28526
,-29545
,-27442
,-21834
,-13581
,-3890
,6329
,15564
,23397
,28193
,29610
,27683
,22339
,14252
,4889
,-5423
,-14876
,-22761
,-27965
,-29606
,-28061
,-23100
,-15340
,-5721
,4405
,14296
,21878
,27417
,29693
,28225
,23585
,15966
,6574
,-3532
,-13283
,-21300
,-27114
,-29686
,-28388
,-24147
,-16688
,-7493
,2555
,12517
,20883
,26548
,29417
,28653
,24486
,17565
,8446
,-1743
,-11740
,-20198
,-26245
,-29314
,-28937
,-25027
,-18258
,-9334
,811
,10743
,19515
,25953
,29177
,29280
,25412
,18809
,10153
,173
,-9909
,-18817
,-25530
,-29095
,-29338
,-26070
,-19749
,-11131
,-1023
,8936
,18218
,25150
,28972
,29389
,26673
,20445
,11873
,2031
,-8030
,-17175
,-24556
,-28700
,-29515
,-26935
,-21032
,-12666
,-3007
,7280
,16472
,23987
,28525
,29567
,27387
,21855
,13630
,3916
,-6339
,-15761
,-22969
,-28182
,-29654
,-27606
,-22507
,-14407
,-4830
,5384
,14951
,22546
,27895
,29707
,27817
,23010
,15284
,5674
,-4457
,-14233
,-22163
,-27285
,-29599
,-28063
,-23506
,-16181
,-6647
,3537
,13313
,21553
,27028
,29561
,28646
,23921
,16791
,7566
,-2692
,-12393
,-20960
,-26778
,-29457
,-28865
,-24324
,-17441
,-8491
,1701
,11605
,20253
,26461
,29377
,29015
,25083
,18313
,9375
,-776
,-10764
,-19736
,-25950
,-29241
,-29158
,-25758
,-18987
,-10116
,-164
,9816
,18727
,25595
,29098
,29295
,26096
,19985
,11070
,1100
,-9062
,-18060
,-24908
,-28943
,-29419
,-26602
,-20498
,-11900
,-2031
,8180
,17189
,24135
,28776
,29497
,26906
,21196
,12690
,3009
,-7242
,-16533
,-23723
,-28552
,-29591
,-27151
,-21776
,-13604
,-3859
,6326
,15906
,23316
,27959
,29610
,27408
,22367
,14523
,4778
,-5356
,-14999
,-22808
,-27709
,-29697
,-28015
,-22754
,-15223
,-5711
,4516
,14116
,22291
,27497
,29629
,28301
,23164
,16025
,6665
,-3599
,-13333
,-21633
,-27259
,-29550
,-28610
,-24183
,-16741
,-7597
,2669
,12384
,20791
,26803
,29481
,28780
,24740
,17445
,8336
,-1704
,-11582
,-20195
,-26531
,-29353
,-29033
,-25326
,-18477
,-9254
,707
,10817
,19516
,25904
,29294
,29150
,25698
,19068
,10215
,152
,-9849
,-18568
,-25232
,-29220
,-29233
,-26101
,-19768
,-11038
,-1141
,9025
,18006
,24846
,28873
,29351
,26394
,20430
,12035
,2076
,-8137
,-17301
,-24311
,-28567
,-29452
,-26684
,-21105
,-12817
,-2880
,7185
,16414
,23957
,28299
,29698
,27255
,21521
,13568
,3857
,-6262
,-15686
,-23386
,-28126
,-29699
,-27550
,-22083
,-14577
,-4735
,5407
,15054
,22893
,27955
,29608
,28067
,22981
,15148
,5748
,-4573
,-13969
,-22117
,-27564
,-29604
,-28283
,-23610
,-15834
,-6644
,3564
,13298
,21596
,27328
,29516
,28621
,24258
,16915
,7405
,-2560
,-12551
,-20739
,-26707
,-29548
,-28753
,-24686
,-17563
,-8396
,1645
,11563
,19978
,26217
,29534
,28851
,25191
,18255
,9290
,-771
,-10796
,-19500
,-25710
,-29122
,-29089
,-25476
,-19047
,-10256
,-172
,9967
,18781
,25339
,28983
,29291
,25991
,19700
,11124
,1080
,-8971
,-18003
,-25013
,-28785
,-29565
,-26380
,-20209
,-11860
,-1969
,8087
,17294
,24506
,28672
,29577
,26854
,20958
,12853
,2878
,-7089
,-16637
,-24072
,-28530
,-29542
,-27445
,-21833
,-13581
,-3892
,6333
,15560
,23401
,28189
,29613
,27680
,22343
,14248
,4890
,-5424
,-14874
,-22763
,-27965
,-29605
,-28063
,-23097
,-15343
,-5721
,4404
,14298
,21877
,27417
,29693
,28223
,23589
,15962
,6577
,-3535
,-13282
,-21299
,-27117
,-29683
,-28393
,-24141
,-16693
,-7490
,2552
,12521
,20880
,26551
,29414
,28653
,24490
,17560
,8451
,-1747
,-11738
,-20197
,-26247
,-29311
,-28940
,-25024
,-18258
,-9338
,815
,10741
,19515
,25956
,29172
,29284
,25409
,18811
,10154
,170
,-9905
,-18819
,-25528
,-29096
,-29339
,-26068
,-19752
,-11127
,-1029
,8943
,18213
,25152
,28972
,29387
,26676
,20444
,11872
,2034
,-8035
,-17170
,-24559
,-28698
,-29517
,-26935
,-21030
,-12671
,-2995
,7283
,16473
,23988
,28524
,29569
,27384
,21859
,13625
,3921
,-6344
,-15759
,-22969
,-28184
,-29651
,-27607
,-22511
,-14401
,-4835
,5388
,14949
,22544
,27898
,29705
,27817
,23012
,15281
,5677
,-4459
,-14232
,-22163
,-27286
,-29597
,-28066
,-23501
,-16186
,-6644
,3536
,13313
,21552
,27030
,29558
,28650
,23919
,16792
,7566
,-2692
,-12392
,-20962
,-26776
,-29459
,-28864
,-24326
,-17438
,-8494
,1704
,11604
,20253
,26461
,29378
,29012
,25088
,18309
,9377
,-776
,-10765
,-19734
,-25952
,-29240
,-29159
,-25755
,-18991
,-10113
,-166
,9819
,18725
,25596
,29096
,29295
,26098
,19984
,11070
,1100
,-9063
,-18061
,-24906
,-28945
,-29416
,-26607
,-20493
,-11905
,-2024
,8174
,17194
,24128
,28784
,29491
,26909
,21196
,12687
,3013
,-7248
,-16524
,-23746
,-28385
,-29535
,-27179
,-21756
,-13619
,-3847
,6315
,15915
,23308
,27967
,29605
,27411
,22364
,14525
,4776
,-5354
,-15000
,-22807
,-27712
,-29693
,-28020
,-22750
,-15225
,-5711
,4517
,14113
,22293
,27495
,29631
,28300
,23165
,16025
,6666
,-3602
,-13329
,-21636
,-27257
,-29551
,-28611
,-24182
,-16742
,-7592
,2679
,12379
,20795
,26799
,29485
,28777
,24741
,17444
,8339
,-1709
,-11574
,-20202
,-26528
,-29352
,-29036
,-25324
,-18477
,-9255
,709
,10816
,19515
,25907
,29293
,29150
,25697
,19068
,10214
,155
,-9853
,-18564
,-25234
,-29221
,-29229
,-26104
,-19766
,-11040
,-1140
,9025
,18007
,24847
,28870
,29354
,26391
,20433
,12032
,2078
,-8138
,-17301
,-24308
,-28571
,-29447
,-26688
,-21103
,-12817
,-2881
,7186
,16414
,23957
,28299
,29699
,27256
,21520
,13570
,3853
,-6258
,-15687
,-23385
,-28126
,-29701
,-27547
,-22086
,-14573
,-4739
,5411
,15050
,22897
,27952
,29609
,28068
,22980
,15148
,5749
,-4574
,-13969
,-22116
,-27566
,-29602
,-28285
,-23608
,-15836
,-6643
,3564
,13296
,21599
,27323
,29523
,28613
,24266
,16909
,7408
,-2562
,-12551
,-20739
,-26707
,-29547
,-28754
,-24687
,-17560
,-8399
,1648
,11560
,19978
,26220
,29528
,28859
,25181
,18266
,9277
,-755
,-10818
,-19463
,-25830
,-29243
,-29046
,-25500
,-19032
,-10266
,-166
,9962
,18785
,25336
,28984
,29289
,25991
,19702
,11122
,1082
,-8975
,-17998
,-25017
,-28782
,-29568
,-26378
,-20210
,-11858
,-1972
,8089
,17293
,24507
,28670
,29580
,26849
,20965
,12847
,2882
,-7093
,-16632
,-24076
,-28526
,-29546
,-27443
,-21833
,-13581
,-3892
,6332
,15561
,23400
,28192
,29609
,27684
,22338
,14254
,4886
,-5421
,-14878
,-22759
,-27967
,-29605
,-28062
,-23099
,-15340
,-5723
,4408
,14293
,21881
,27413
,29696
,28223
,23586
,15965
,6574
,-3532
,-13283
,-21300
,-27116
,-29682
,-28394
,-24140
,-16696
,-7487
,2551
,12521
,20880
,26551
,29413
,28656
,24484
,17566
,8446
,-1742
,-11743
,-20193
,-26251
,-29307
,-28943
,-25023
,-18259
,-9335
,813
,10742
,19514
,25956
,29172
,29286
,25407
,18812
,10152
,173
,-9910
,-18815
,-25532
,-29093
,-29340
,-26068
,-19753
,-11126
,-1027
,8940
,18216
,25150
,28973
,29387
,26676
,20441
,11877
,2028
,-8028
,-17178
,-24551
,-28706
,-29508
,-26943
,-21026
,-12670
,-3003
,7277
,16475
,23985
,28524
,29571
,27382
,21860
,13625
,3920
,-6342
,-15761
,-22968
,-28184
,-29653
,-27603
,-22513
,-14402
,-4833
,5384
,14953
,22543
,27898
,29704
,27819
,23008
,15287
,5672
,-4456
,-14234
,-22162
,-27285
,-29599
,-28065
,-23502
,-16187
,-6640
,3531
,13317
,21551
,27029
,29560
,28647
,23920
,16792
,7566
,-2692
,-12394
,-20959
,-26778
,-29457
,-28866
,-24323
,-17441
,-8492
,1703
,11603
,20255
,26458
,29380
,29013
,25086
,18310
,9376
,-776
,-10763
,-19737
,-25949
,-29243
,-29156
,-25758
,-18989
,-10113
,-166
,9818
,18726
,25595
,29097
,29296
,26097
,19983
,11073
,1096
,-9060
,-18062
,-24907
,-28942
,-29420
,-26602
,-20498
,-11902
,-2023
,8180
,17188
,24135
,28776
,29498
,26905
,21199
,12685
,3014
,-7245
,-16532
,-23723
,-28552
,-29590
,-27153
,-21772
,-13607
,-3857
,6325
,15905
,23318
,27957
,29612
,27406
,22369
,14521
,4781
,-5358
,-14999
,-22807
,-27712
,-29693
,-28017
,-22754
,-15221
,-5713
,4518
,14114
,22294
,27491
,29637
,28294
,23170
,16021
,6666
,-3599
,-13332
,-21635
,-27257
,-29552
,-28608
,-24185
,-16740
,-7598
,2670
,12383
,20791
,26803
,29481
,28779
,24740
,17445
,8337
,-1705
,-11580
,-20197
,-26531
,-29350
,-29037
,-25322
,-18480
,-9251
,706
,10818
,19515
,25905
,29295
,29150
,25697
,19069
,10212
,156
,-9854
,-18562
,-25237
,-29218
,-29232
,-26102
,-19766
,-11041
,-1139
,9024
,18006
,24850
,28866
,29357
,26390
,20431
,12037
,2072
,-8133
,-17304
,-24307
,-28569
,-29450
,-26686
,-21103
,-12819
,-2877
,7182
,16418
,23953
,28303
,29695
,27259
,21517
,13572
,3852
,-6257
,-15689
,-23384
,-28126
,-29700
,-27548
,-22084
,-14577
,-4734
,5408
,15051
,22897
,27952
,29609
,28068
,22979
,15149
,5748
,-4573
,-13969
,-22117
,-27565
,-29602
,-28285
,-23609
,-15834
,-6646
,3568
,13293
,21600
,27325
,29520
,28615
,24266
,16909
,7408
,-2561
,-12553
,-20737
,-26707
,-29549
,-28750
,-24691
,-17556
,-8402
,1649
,11561
,19977
,26221
,29527
,28859
,25181
,18268
,9274
,-753
,-10820
,-19461
,-25831
,-29242
,-29048
,-25498
,-19033
,-10267
,-164
,9960
,18788
,25333
,28985
,29290
,25989
,19704
,11120
,1084
,-8976
,-17998
,-25016
,-28784
,-29565
,-26381
,-20208
,-11860
,-1971
,8090
,17291
,24509
,28669
,29579
,26852
,20961
,12850
,2883
,-7095
,-16630
,-24077
,-28528
,-29543
,-27444
,-21834
,-13580
,-3894
,6334
,15560
,23400
,28191
,29610
,27684
,22338
,14253
,4887
,-5421
,-14878
,-22761
,-27964
,-29608
,-28058
,-23103
,-15338
,-5724
,4407
,14295
,21879
,27415
,29695
,28223
,23586
,15967
,6571
,-3528
,-13287
,-21297
,-27117
,-29684
,-28390
,-24144
,-16691
,-7491
,2553
,12519
,20882
,26549
,29416
,28651
,24490
,17562
,8448
,-1744
,-11741
,-20196
,-26247
,-29311
,-28940
,-25025
,-18257
,-9338
,816
,10739
,19516
,25956
,29172
,29285
,25408
,18811
,10154
,171
,-9908
,-18815
,-25533
,-29092
,-29340
,-26070
,-19749
,-11130
,-1025
,8940
,18216
,25150
,28972
,29388
,26673
,20446
,11873
,2030
,-8030
,-17175
,-24555
,-28701
,-29513
,-26939
,-21027
,-12671
,-3003
,7277
,16474
,23988
,28523
,29571
,27382
,21860
,13625
,3920
,-6342
,-15761
,-22968
,-28183
,-29655
,-27602
,-22513
,-14402
,-4834
,5386
,14951
,22544
,27898
,29704
,27818
,23011
,15283
,5675
,-4457
,-14234
,-22162
,-27285
,-29599
,-28064
,-23504
,-16185
,-6642
,3534
,13314
,21553
,27027
,29563
,28645
,23922
,16789
,7569
,-2694
,-12392
,-20960
,-26779
,-29456
,-28867
,-24324
,-17440
,-8492
,1703
,11602
,20256
,26458
,29381
,29010
,25088
,18309
,9378
,-777
,-10763
,-19735
,-25953
,-29237
,-29161
,-25755
,-18990
,-10114
,-166
,9820
,18723
,25597
,29097
,29293
,26100
,19981
,11072
,1100
,-9064
,-18059
,-24908
,-28945
,-29416
,-26606
,-20493
,-11905
,-2025
,8175
,17194
,24129
,28783
,29492
,26909
,21195
,12687
,3015
,-7250
,-16521
,-23750
,-28381
,-29538
,-27178
,-21755
,-13622
,-3843
,6312
,15916
,23310
,27964
,29606
,27411
,22364
,14525
,4778
,-5357
,-14998
,-22809
,-27709
,-29697
,-28014
,-22757
,-15220
,-5715
,4520
,14111
,22296
,27491
,29636
,28294
,23171
,16020
,6671
,-3605
,-13327
,-21640
,-27254
,-29555
,-28606
,-24187
,-16738
,-7600
,2671
,12383
,20792
,26802
,29482
,28780
,24740
,17444
,8338
,-1707
,-11577
,-20198
,-26531
,-29351
,-29037
,-25322
,-18478
,-9254
,707
,10818
,19514
,25908
,29293
,29150
,25698
,19065
,10219
,149
,-9847
,-18569
,-25231
,-29223
,-29226
,-26109
,-19761
,-11043
,-1139
,9026
,18004
,24850
,28867
,29356
,26390
,20432
,12034
,2077
,-8139
,-17298
,-24314
,-28564
,-29454
,-26682
,-21107
,-12816
,-2879
,7183
,16417
,23952
,28304
,29693
,27262
,21514
,13574
,3850
,-6255
,-15691
,-23382
,-28129
,-29698
,-27551
,-22083
,-14576
,-4737
,5410
,15051
,22895
,27953
,29608
,28069
,22979
,15151
,5745
,-4570
,-13970
,-22116
,-27566
,-29601
,-28287
,-23605
,-15839
,-6641
,3564
,13295
,21600
,27324
,29520
,28617
,24262
,16911
,7407
,-2560
,-12553
,-20737
,-26709
,-29547
,-28754
,-24685
,-17562
,-8397
,1646
,11562
,19977
,26219
,29532
,28851
,25192
,18253
,9292
,-771
,-10798
,-19499
,-25712
,-29120
,-29089
,-25477
,-19045
,-10261
,-166
,9962
,18785
,25336
,28984
,29291
,25990
,19701
,11125
,1078
,-8969
,-18005
,-25012
,-28785
,-29566
,-26380
,-20208
,-11861
,-1967
,8085
,17297
,24503
,28675
,29576
,26854
,20963
,12841
,2900
,-7144
,-16700
,-24058
,-28537
,-29539
,-27445
,-21835
,-13578
,-3895
,6335
,15558
,23402
,28189
,29612
,27682
,22340
,14252
,4886
,-5420
,-14878
,-22762
,-27963
,-29609
,-28059
,-23101
,-15339
,-5723
,4405
,14298
,21875
,27419
,29692
,28224
,23589
,15960
,6580
,-3538
,-13279
,-21301
,-27116
,-29681
,-28396
,-24138
,-16697
,-7486
,2550
,12522
,20880
,26549
,29417
,28650
,24491
,17562
,8447
,-1743
,-11742
,-20195
,-26248
,-29310
,-28940
,-25026
,-18257
,-9336
,814
,10741
,19516
,25953
,29176
,29281
,25412
,18808
,10155
,170
,-9907
,-18816
,-25532
,-29094
,-29338
,-26071
,-19749
,-11130
,-1026
,8940
,18216
,25150
,28972
,29388
,26675
,20443
,11874
,2031
,-8031
,-17174
,-24555
,-28703
,-29511
,-26938
,-21030
,-12670
,-2997
,7284
,16474
,23984
,28527
,29567
,27386
,21857
,13626
,3920
,-6342
,-15762
,-22966
,-28186
,-29652
,-27605
,-22510
,-14405
,-4830
,5381
,14956
,22540
,27900
,29703
,27819
,23010
,15282
,5677
,-4459
,-14233
,-22161
,-27288
,-29597
,-28064
,-23505
,-16181
,-6648
,3539
,13309
,21559
,27021
,29569
,28639
,23927
,16785
,7573
,-2698
,-12386
,-20967
,-26772
,-29461
,-28863
,-24325
,-17442
,-8487
,1695
,11615
,20239
,26478
,29356
,29040
,25053
,18349
,9333
,-729
,-10814
,-19683
,-26006
,-29180
,-29223
,-25683
,-19084
,-9945
,-1154
,202
,-114
,86
,-73
,64
,-57
,52
,-49
,45
,-41
,38
,-33
,27
,-22
,17
,-13
,11
,-9
,7
,-4
,0
,4
,-6
,6
,-6
,5
,-4
,4
,-4
