0
,0
,0
,0
,0
,0
,0
,0
,0
,0
,0
,0
,0
,0
,0
,0
,0
,0
,0
,0
,0
,0
,0
,0
,0
,0
,0
,0
,0
,0
,0
,0
,0
,0
,0
,0
,0
,0
,0
,0
,0
,0
,0
,0
,0
,0
,0
,0
,0
,0
,0
,0
,0
,0
,0
,0
,0
,0
,0
,0
,0
,0
,0
,0
,0
,0
,0
,0
,0
,0
,0
,0
,0
,0
,0
,0
,0
,0
,0
,0
,0
,0
,0
,0
,0
,0
,0
,0
,0
,0
,0
,0
,0
,0
,0
,0
,0
,0
,0
,0
,0
,0
,0
,0
,0
,0
,0
,0
,0
,0
,0
,0
,0
,0
,0
,0
,0
,0
,0
,0
,0
,0
,0
,0
,0
,0
,0
,0
,0
,0
,0
,0
,0
,0
,0
,0
,0
,0
,0
,0
,0
,0
,0
,0
,0
,0
,0
,0
,0
,0
,0
,0
,0
,0
,0
,0
,0
,0
,0
,0
,0
,0
,0
,0
,0
,0
,0
,0
,0
,0
,0
,0
,0
,0
,0
,0
,0
,0
,0
,0
,0
,0
,0
,0
,0
,0
,0
,0
,0
,0
,0
,0
,0
,0
,0
,0
,0
,0
,0
,0
,0
,0
,0
,0
,0
,0
,0
,0
,0
,0
,0
,0
,0
,0
,0
,0
,0
,0
,0
,0
,0
,0
,0
,0
,0
,0
,0
,0
,0
,0
,0
,0
,0
,0
,0
,0
,0
,0
,0
,0
,0
,0
,0
,0
,0
,0
,0
,0
,0
,0
,0
,0
,0
,0
,0
,0
,0
,0
,0
,0
,0
,0
,0
,0
,0
,0
,0
,0
,0
,0
,0
,0
,0
,0
,0
,0
,0
,0
,0
,0
,0
,0
,0
,0
,0
,0
,0
,0
,0
,0
,0
,0
,0
,0
,0
,0
,0
,0
,0
,0
,0
,0
,0
,0
,0
,0
,0
,0
,0
,0
,0
,0
,0
,0
,0
,0
,0
,0
,0
,0
,0
,0
,0
,0
,0
,0
,0
,0
,0
,0
,0
,0
,0
,0
,0
,0
,0
,0
,0
,0
,0
,0
,0
,0
,0
,0
,0
,0
,0
,0
,0
,0
,0
,0
,0
,0
,0
,0
,0
,0
,0
,0
,0
,0
,0
,0
,0
,0
,0
,0
,0
,0
,0
,0
,0
,0
,0
,0
,0
,0
,0
,0
,0
,0
,0
,0
,0
,0
,0
,0
,0
,0
,0
,0
,0
,0
,0
,0
,0
,0
,0
,0
,0
,0
,0
,0
,0
,0
,0
,0
,0
,0
,0
,0
,0
,0
,0
,0
,0
,0
,0
,0
,0
,0
,0
,0
,0
,0
,0
,0
,0
,0
,0
,0
,0
,0
,0
,0
,0
,0
,0
,0
,0
,0
,0
,0
,0
,0
,0
,0
,0
,0
,0
,0
,0
,0
,0
,0
,0
,0
,0
,0
,0
,0
,0
,0
,0
,0
,0
,0
,0
,0
,0
,0
,0
,0
,0
,0
,0
,0
,0
,0
,0
,0
,0
,0
,0
,0
,0
,0
,0
,0
,0
,0
,0
,0
,0
,0
,0
,0
,0
,0
,0
,0
,0
,0
,0
,0
,0
,0
,0
,0
,0
,0
,0
,0
,0
,0
,0
,0
,0
,0
,0
,0
,0
,0
,0
,0
,0
,0
,0
,0
,0
,0
,0
,0
,0
,0
,0
,0
,0
,0
,0
,0
,0
,0
,0
,0
,0
,0
,0
,0
,0
,0
,0
,0
,0
,0
,0
,0
,0
,0
,0
,0
,0
,0
,0
,0
,0
,0
,0
,0
,0
,0
,0
,0
,0
,0
,0
,0
,0
,0
,0
,0
,0
,0
,0
,0
,0
,0
,0
,0
,0
,0
,0
,0
,0
,0
,0
,0
,0
,0
,0
,0
,0
,0
,0
,0
,0
,0
,0
,0
,0
,0
,0
,0
,0
,0
,0
,0
,0
,0
,0
,0
,0
,0
,0
,0
,0
,0
,0
,0
,0
,0
,0
,0
,0
,0
,0
,0
,0
,0
,0
,0
,0
,0
,0
,0
,0
,0
,0
,0
,0
,0
,0
,0
,0
,0
,0
,0
,0
,0
,0
,0
,0
,0
,0
,0
,0
,0
,0
,0
,0
,0
,0
,0
,0
,0
,0
,0
,0
,0
,0
,0
,0
,0
,0
,0
,0
,0
,0
,0
,0
,0
,0
,0
,0
,0
,0
,0
,0
,0
,0
,0
,0
,0
,0
,0
,0
,0
,0
,0
,0
,0
,0
,0
,0
,0
,0
,0
,0
,0
,0
,0
,0
,0
,0
,0
,0
,0
,0
,0
,0
,0
,0
,0
,0
,0
,0
,0
,0
,0
,0
,0
,0
,0
,0
,0
,0
,0
,0
,0
,0
,0
,0
,0
,0
,0
,0
,0
,0
,0
,0
,0
,0
,0
,0
,0
,0
,0
,0
,0
,0
,0
,0
,0
,0
,0
,0
,0
,0
,0
,0
,0
,0
,0
,0
,0
,0
,0
,0
,0
,0
,0
,0
,0
,0
,0
,0
,0
,0
,0
,0
,0
,0
,0
,0
,0
,0
,0
,0
,0
,0
,0
,0
,0
,0
,0
,0
,0
,0
,0
,0
,0
,0
,0
,0
,0
,0
,0
,0
,0
,0
,0
,0
,0
,0
,0
,0
,0
,0
,0
,0
,0
,0
,0
,0
,0
,0
,0
,0
,0
,0
,0
,0
,0
,0
,0
,0
,0
,0
,0
,0
,0
,0
,0
,0
,0
,0
,0
,0
,0
,0
,0
,0
,0
,0
,0
,0
,0
,0
,0
,0
,0
,0
,0
,0
,0
,0
,0
,0
,0
,0
,0
,0
,0
,0
,0
,0
,0
,0
,0
,0
,0
,0
,0
,0
,0
,0
,0
,0
,0
,0
,0
,0
,0
,0
,0
,0
,0
,0
,0
,0
,0
,0
,0
,0
,0
,0
,0
,0
,0
,0
,0
,0
,0
,0
,0
,0
,0
,0
,0
,0
,0
,0
,0
,0
,0
,0
,0
,0
,0
,0
,0
,0
,0
,0
,0
,0
,0
,-3108
,5981
,-7529
,4509
,-3521
,2462
,1903
,-4861
,4324
,-6160
,6615
,-3249
,729
,-157
,-3809
,6139
,-4934
,4957
,-5199
,933
,1595
,-2198
,4761
,-6814
,4372
,-3377
,2820
,818
,-4031
,3574
,-5264
,6314
,-3493
,1194
,-866
,-2879
,5407
,-4683
,4688
,-5397
,1834
,946
,-1612
,4052
,-6638
,4755
,-3896
,3533
,-73
,-3462
,3431
,-5381
,6813
,-4515
,1994
,-1547
,-2120
,5317
,-5244
,5390
,-6493
,3039
,-42
,-1028
,3824
,-6986
,5625
,-4863
,4678
,-1446
,-2605
,3061
,-5206
,7210
,-5483
,3046
,-2741
,-988
,4544
,-4866
,5314
,-6904
,4097
,-1131
,20
,2550
,-6202
,5447
,-5054
,5392
,-2689
,-1320
,1823
,-4128
,6753
,-5839
,3705
,-3899
,712
,3084
,-3996
,4735
,-7226
,5182
,-2475
,1670
,879
,-5251
,5257
,-5403
,6517
,-4582
,437
,361
,-2836
,6448
,-6505
,4874
,-5644
,2781
,1473
,-2856
,4091
,-7564
,6497
,-3962
,3346
,-1041
,-4010
,4762
,-5283
,7283
,-5999
,1821
,-1119
,-1442
,5703
,-6564
,5093
,-6458
,4346
,188
,-1878
,2968
,-7128
,6908
,-4585
,4443
,-2680
,-2723
,3904
,-4487
,7103
,-6986
,2897
,-2244
,403
,4350
,-6078
,4820
,-6891
,5738
,-1305
,-564
,1496
,-6252
,7221
,-5175
,5288
,-4523
,-1016
,3095
,-3690
,7023
,-8058
,4209
,-3617
,2109
,3035
,-5862
,4893
,-7275
,7288
,-2956
,456
,227
,-5335
,7486
,-5687
,5993
,-5869
,330
,2337
,-2947
,6467
,-8552
,5072
,-4099
,3236
,1733
,-5417
,4578
,-7014
,7983
,-3900
,1229
,-877
,-4186
,7137
,-5745
,6038
,-6805
,1806
,1516
,-2010
,5388
,-8625
,5593
,-4686
,4587
,212
,-4582
,3979
,-6578
,8636
,-5302
,2281
,-2201
,-2556
,6794
,-5967
,6291
,-8230
,3624
,305
,-747
,4427
,-8745
,6548
,-5549
,6053
,-1848
,-3504
,3437
,-5931
,9306
,-6714
,3325
,-3753
,-834
,6098
,-5913
,6320
,-9111
,5504
,-1058
,390
,2782
,-8343
,7224
,-6003
,7448
,-3950
,-2083
,2280
,-4802
,9284
,-7811
,4385
,-5102
,1412
,4615
,-5464
,5622
,-9475
,7167
,-2301
,1813
,934
,-7428
,7373
,-6252
,8240
,-5912
,-447
,1448
,-3488
,8760
,-8918
,5306
,-6299
,3618
,3172
,-4835
,4997
,-9537
,8543
,-3862
,2979
,-1006
,-5821
,7325
,-6093
,8498
,-7740
,1126
,399
,-1892
,7761
,-9179
,5847
,-6930
,5303
,1287
,-4154
,4066
,-8805
,9605
,-4982
,3831
,-2890
,-4286
,6952
,-5793
,8456
,-8943
,2829
,-610
,-473
,6223
,-9319
,6296
,-7107
,6934
,-484
,-3315
,2982
,-7917
,10026
,-5926
,4515
,-4226
,-2367
,6278
,-5485
,7791
,-9833
,4278
,-1310
,943
,4625
,-8948
,6326
,-7073
,7852
,-2196
,-2280
,2119
,-6473
,9903
,-6742
,4714
,-5444
,-554
,5542
,-4790
,7031
,-10158
,5512
,-2165
,1940
,2865
,-8210
,6575
,-6820
,8642
,-3948
,-1396
,1091
,-5154
,9745
,-7370
,5184
,-6364
,1218
,4418
,-4567
,6253
,-10279
,6880
,-2885
,2932
,1293
,-7742
,6653
,-6819
,9301
,-5475
,-231
,454
,-3964
,9329
,-8276
,5689
,-7278
,3103
,3347
,-3923
,5408
,-10322
,7853
,-3864
,3914
,-412
,-6391
,6473
,-6311
,9262
,-6917
,747
,-417
,-2309
,8472
,-8292
,5650
,-7648
,4509
,1985
,-3315
,4335
,-9515
,8576
,-4420
,4411
,-2150
,-5166
,6105
,-5691
,9156
,-7937
,1874
,-1059
,-1064
,7259
,-8602
,5846
,-7738
,6007
,753
,-2911
,3350
,-9052
,9379
,-5297
,5035
,-3536
,-3639
,5939
,-5503
,8738
,-9227
,3242
,-1685
,386
,5906
,-8602
,5940
,-7670
,7017
,-773
,-2354
,2580
,-7701
,9540
,-5828
,4828
,-4473
,-2395
,5735
,-5030
,7976
,-9497
,3990
,-1794
,923
,4650
,-8409
,6091
,-7113
,7491
,-1894
,-2145
,1957
,-6634
,9498
,-6157
,4778
,-4978
,-1101
,5224
,-4851
,7120
,-9533
,4923
,-2023
,1565
,3376
,-8060
,6074
,-6785
,7972
,-3051
,-1387
,1321
,-5474
,9140
,-6707
,4885
,-5653
,375
,4463
,-4240
,6224
,-9501
,5600
,-2451
,2342
,2064
,-7222
,5946
,-6351
,8072
,-4085
,-880
,763
,-4361
,8736
,-6813
,4776
,-6003
,1414
,3789
,-3851
,5407
,-9201
,6162
,-2671
,2680
,906
,-6712
,5800
,-5710
,8050
,-4783
,-446
,360
,-3336
,8126
,-6950
,4564
,-6069
,2379
,3159
,-3566
,4525
,-8752
,6522
,-2707
,2921
,-113
,-5962
,5656
,-5197
,7718
,-5473
,-26
,188
,-2422
,7592
,-7247
,4453
,-6063
,3313
,2584
,-3491
,3974
,-8391
,7142
,-3148
,3036
,-1027
,-5203
,5691
,-4831
,7445
,-6160
,493
,115
,-1578
,6726
,-7264
,4249
,-5626
,3843
,1979
,-3463
,3342
,-7609
,7265
,-3106
,2731
,-1578
,-4484
,5687
,-4502
,6808
,-6449
,1019
,52
,-925
,5846
,-7167
,4166
,-5260
,4385
,1101
,-3219
,2704
,-6715
,7318
,-3368
,2563
,-2105
,-3676
,5643
,-4320
,6347
,-6832
,1561
,185
,-715
,5308
,-7634
,4683
,-5192
,4976
,402
,-3364
,2746
,-6438
,7913
,-4113
,2660
,-2598
,-2823
,5743
,-4446
,5943
,-7132
,2187
,256
,-357
,4539
,-7527
,4604
,-4664
,4921
,-73
,-3445
,2631
,-5551
,7644
,-4174
,2066
,-2535
,-2247
,5689
,-4299
,5221
,-6976
,2453
,466
,-324
,3762
,-7294
,4808
,-4148
,4923
,-843
,-3422
,2505
,-4875
,7623
,-4566
,2018
,-2803
,-1381
,5423
,-4468
,4797
,-7072
,3368
,284
,-65
,2877
,-7223
,5087
,-4027
,5249
,-1694
,-3012
,2438
,-4328
,7438
,-5284
,2093
,-2889
,-487
,5217
,-4606
,4355
,-7169
,4007
,-9
,37
,2219
,-6863
,5537
,-4001
,5191
,-2560
,-2703
,2528
,-3605
,7282
,-5753
,2120
,-2959
,179
,4759
,-4830
,4098
,-6785
,4611
,-164
,-258
,1589
,-6610
,5973
,-3777
,5024
,-3099
,-2448
,2750
,-3411
,6950
,-6335
,2424
,-2737
,865
,4317
,-5243
,3892
,-6711
,5364
,-643
,-176
,1049
,-6086
,6298
,-4065
,4941
,-3959
,-1615
,2752
,-2943
,6557
,-6954
,2858
,-2959
,1641
,3570
,-5195
,3828
,-6439
,5950
,-1475
,-75
,408
,-5306
,6547
,-4157
,4829
,-4579
,-949
,2663
,-2585
,5982
,-7092
,3235
,-2766
,2053
,2765
,-5255
,3716
,-5987
,6349
,-1910
,-93
,55
,-4773
,6621
,-4464
,4712
,-4953
,-129
,2599
,-2469
,5531
,-7559
,3861
,-2972
,2729
,2006
,-5146
,3766
,-5826
,6867
,-2932
,337
,-479
,-3810
,6643
,-4729
,4628
,-5630
,903
,2175
,-1951
,4757
,-7483
,4303
,-2996
,3180
,943
,-4799
,3619
,-5150
,6938
,-3489
,416
,-920
,-2919
,6369
,-4806
,4312
,-5859
,1745
,1825
,-1653
,3909
,-7362
,4743
,-3004
,3653
,-173
,-4310
,3350
,-4482
,6908
,-4196
,707
,-1362
,-1765
,5820
,-4808
,3837
,-5849
,2612
,1459
,-1384
,2975
,-6927
,5052
,-2894
,3667
,-1096
,-3885
,3373
,-3915
,6704
,-4897
,960
,-1536
,-852
,5370
,-5090
,3714
,-5961
,3625
,843
,-1183
,2115
,-6543
,5647
,-3135
,4024
,-2354
,-2995
,3212
,-3285
,6460
,-5770
,1666
,-1967
,409
,4410
,-5093
,3463
,-5869
,4683
,-86
,-754
,1097
,-5668
,5824
,-3251
,3977
,-3264
,-2042
,2934
,-2622
,5721
,-6085
,1959
,-1964
,1158
,3513
,-5035
,3121
,-5321
,5116
,-715
,-674
,405
,-4801
,5839
,-3305
,3832
,-3939
,-1068
,2654
,-2065
,4955
,-6324
,2541
,-2131
,1982
,2341
,-4689
,2859
,-4929
,5631
,-1692
,-192
,-361
,-3747
,5774
,-3604
,3780
,-4715
,112
,2160
,-1549
,4203
,-6483
,3168
,-2393
,2815
,1170
,-4298
,2681
,-4397
,5885
,-2474
,61
,-964
,-2714
,5470
,-3566
,3385
,-4955
,968
,1800
,-1172
,3286
,-6237
,3448
,-2283
,3122
,73
,-3773
,2391
,-3605
,5812
,-3181
,463
,-1544
,-1394
,4782
,-3516
,2964
,-5119
,2155
,1074
,-570
,2052
,-5718
,3770
,-2325
,3521
,-1181
,-2968
,2114
,-2902
,5636
,-4059
,915
,-1898
,-238
,4223
,-3782
,2831
,-5277
,3163
,387
,-282
,1249
,-5263
,4324
,-2527
,3677
,-2290
,-2196
,1992
,-2245
,5257
,-4556
,1273
,-2150
,681
,3306
,-3574
,2347
,-4874
,3834
,-296
,32
,192
,-4334
,4232
,-2309
,3574
,-3083
,-1264
,1453
,-1343
,4331
,-4676
,1504
,-2204
,1656
,2227
,-3270
,1758
,-4259
,4254
,-793
,212
,-550
,-3415
,4200
,-2296
,3260
,-3683
,-438
,1429
,-863
,3631
,-4991
,1867
,-2173
,2364
,1339
,-3151
,1583
,-3752
,4629
,-1511
,369
,-1169
,-2385
,4125
,-2323
,2961
,-4224
,444
,1097
,-333
,2767
,-4933
,2311
,-2130
,2934
,181
,-2753
,1280
,-3063
,4855
,-2246
,725
,-1859
,-1203
,3659
,-2329
,2649
,-4517
,1570
,502
,264
,1668
,-4566
,2627
,-2114
,3386
,-976
,-2013
,864
,-2235
,4572
,-2830
,956
,-2268
,-5
,2942
,-2125
,2093
,-4435
,2303
,-13
,705
,660
,-3923
,2714
,-1976
,3487
,-1885
,-1370
,601
,-1479
,4210
,-3301
,1307
,-2517
,926
,2310
,-2096
,1830
,-4377
,3147
,-659
,1042
,-163
,-3344
,2988
,-2144
,3716
,-2918
,-454
,227
,-808
,3738
,-3776
,1780
,-2966
,2001
,1281
,-1766
,1368
,-3991
,3736
,-1382
,1544
,-1227
,-2286
,2725
,-1880
,3510
,-3588
,504
,-242
,94
,2789
,-3621
,1807
,-2888
,2748
,249
,-1280
,754
,-3219
,3854
,-1775
,1684
,-1932
,-1361
,2448
,-1692
,3118
,-3936
,1200
,-562
,598
,1967
,-3631
,2126
,-2888
,3358
,-674
,-959
,397
,-2740
,4107
,-2460
,2002
,-2596
,-273
,2074
,-1635
,2806
,-4388
,2122
,-1086
,1339
,992
,-3301
,2268
,-2870
,3822
,-1801
,-288
,-125
,-1870
,3940
,-2917
,2207
,-3212
,879
,1442
,-1281
,2316
,-4384
,2923
,-1614
,1939
,-95
,-2748
,2305
,-2648
,4130
,-2841
,438
,-706
,-923
,3497
,-3226
,2508
,-3667
,2042
,499
,-822
,1585
,-4181
,3565
,-2159
,2591
,-1321
,-1764
,1936
,-2304
,4114
,-3644
,1331
,-1460
,199
,2659
,-3200
,2410
,-3902
,3072
,-406
,-153
,662
,-3556
,3705
,-2471
,2952
,-2389
,-743
,1501
,-1702
,3721
,-4165
,1922
,-1925
,1293
,1688
,-2884
,2205
,-3842
,3856
,-1429
,485
,-287
,-2652
,3750
,-2714
,3286
,-3525
,448
,744
,-943
,3176
,-4468
,2642
,-2613
,2438
,405
,-2298
,1864
,-3624
,4441
,-2391
,1229
,-1311
,-1583
,3424
,-2743
,3333
,-4188
,1503
,54
,-245
,2338
,-4340
,2940
,-2799
,3098
,-616
,-1644
,1308
,-2971
,4419
,-2869
,1640
,-1966
,-532
,2777
,-2398
,2907
,-4283
,2204
,-508
,522
,1327
,-3806
,2877
,-2771
,3564
,-1621
,-894
,646
,-2155
,4238
,-3318
,2066
,-2724
,636
,1987
,-1993
,2503
,-4502
,3131
,-1291
,1333
,233
,-3202
,2889
,-2798
,4078
,-2756
,77
,3
,-1303
,3899
,-3727
,2486
,-3406
,1867
,984
,-1523
,1936
,-4336
,3784
,-2001
,2104
,-1055
,-2160
,2518
,-2461
,4058
,-3631
,1008
,-870
,-83
,2925
,-3488
,2435
,-3554
,2849
,-94
,-734
,989
,-3557
,3889
,-2307
,2497
,-2054
,-1104
,1976
,-1920
,3680
,-4043
,1690
,-1371
,771
,1967
,-3199
,2340
,-3496
,3491
,-927
,-212
,304
,-2885
,3805
,-2589
,2647
,-2683
,-215
,1505
,-1529
,3193
,-4244
,2206
,-1696
,1480
,1102
,-2876
,2230
,-3374
,3930
,-1805
,374
,-383
,-2079
,3668
,-2826
,2898
,-3453
,848
,850
,-926
,2604
,-4263
,2735
,-2227
,2283
,20
,-2244
,1889
,-3057
,4159
,-2505
,916
,-1093
,-1161
,3196
,-2720
,2823
,-3786
,1668
,181
,-345
,1870
,-3968
,2924
,-2392
,2809
,-887
,-1545
,1339
,-2444
,4062
,-2953
,1443
,-1800
,-122
,2523
,-2418
,2507
,-3935
,2436
,-516
,386
,949
,-3441
,2972
,-2498
,3199
,-1890
,-750
,839
,-1837
,3812
,-3364
,1884
,-2361
,846
,1735
,-2137
,2188
,-3954
,3037
,-1178
,941
,72
,-2800
,2845
,-2431
,3302
,-2564
,11
,305
,-1117
,3264
,-3404
,2038
,-2595
,1602
,904
,-1658
,1628
,-3557
,3335
,-1598
,1338
,-780
,-1901
,2460
,-2121
,3122
,-3059
,695
,-224
,-335
,2441
,-3240
,2065
,-2646
,2198
,80
,-1192
,1122
,-2998
,3431
,-1953
,1551
,-1380
,-1198
,2229
,-1982
,2928
,-3427
,1278
,-525
,121
,1868
,-3187
,2210
,-2715
,2700
,-647
,-883
,771
,-2586
,3509
,-2348
,1821
,-1906
,-403
,1909
,-1838
,2643
,-3614
,1878
,-908
,650
,1206
,-2942
,2301
,-2695
,3029
,-1357
,-393
,410
,-2033
,3375
,-2682
,1997
,-2355
,377
,1383
,-1539
,2241
,-3607
,2315
,-1316
,1096
,337
,-2414
,2141
,-2411
,3064
,-1891
,68
,-86
,-1309
,2866
,-2637
,1869
,-2485
,955
,857
,-1225
,1695
,-3233
,2472
,-1391
,1260
,-227
,-1964
,1911
,-2117
,2936
,-2204
,350
,-294
,-817
,2514
,-2625
,1876
,-2482
,1418
,455
,-1023
,1361
,-2999
,2612
,-1609
,1506
,-681
,-1507
,1746
,-1953
,2829
,-2572
,773
,-611
,-290
,2040
,-2542
,1838
,-2554
,1827
,-142
,-514
,842
,-2591
,2589
,-1725
,1688
,-1224
,-876
,1334
,-1473
,2527
,-2605
,1039
,-888
,256
,1506
,-2199
,1665
,-2482
,2126
,-495
,-241
,494
,-2220
,2586
,-1793
,1854
,-1657
,-400
,1110
,-1277
,2439
,-2853
,1410
,-1203
,671
,1092
,-2104
,1684
,-2491
,2442
,-957
,21
,139
,-1912
,2569
,-1923
,1950
,-1944
,-29
,886
,-1104
,2162
,-2874
,1606
,-1275
,962
,673
,-1934
,1521
,-2301
,2566
,-1215
,272
,-151
,-1459
,2433
,-1917
,1919
,-2170
,474
,613
,-806
,1863
,-2903
,1791
,-1472
,1297
,247
,-1626
,1503
,-2259
,2716
,-1635
,489
,-467
,-1093
,2374
,-2051
,2030
,-2402
,816
,332
,-634
,1640
,-2813
,2025
,-1562
,1525
,-154
,-1440
,1332
,-2027
,2780
,-1821
,724
,-705
,-764
,2106
,-1986
,1970
,-2514
,1300
,45
,-277
,1246
,-2716
,2154
,-1747
,1936
,-712
,-969
,974
,-1760
,2788
,-2207
,1164
,-1195
,-109
,1719
,-1826
,1887
,-2784
,1737
,-401
,151
,826
,-2484
,2201
,-1894
,2163
,-1155
,-685
,813
,-1511
,2787
,-2345
,1228
,-1426
,251
,1530
,-1710
,1772
,-2762
,1946
,-515
,291
,486
,-2273
,2159
,-1739
,2204
,-1401
,-445
,609
,-1162
,2548
,-2359
,1305
,-1514
,618
,1182
,-1533
,1436
,-2644
,2155
,-766
,613
,53
,-1916
,2060
,-1682
,2286
,-1781
,-71
,352
,-812
,2351
,-2485
,1408
,-1674
,994
,899
,-1390
,1336
,-2630
,2370
,-953
,705
,-233
,-1778
,2148
,-1732
,2312
,-2082
,132
,269
,-657
,2232
,-2636
,1579
,-1842
,1400
,600
,-1358
,1207
,-2572
,2610
,-1229
,940
,-604
,-1432
,2073
,-1669
,2347
,-2427
,589
,34
,-326
,2007
,-2733
,1715
,-1997
,1733
,194
,-1130
,1063
,-2463
,2852
,-1545
,1093
,-994
,-1043
,2033
,-1625
,2386
,-2722
,926
,-192
,39
,1663
,-2674
,1788
,-2042
,2149
,-319
,-903
,663
,-2109
,2951
,-1753
,1329
,-1500
,-466
,1659
,-1408
,2171
,-2948
,1432
,-530
,576
,1006
,-2514
,1750
,-2062
,2517
,-855
,-471
,291
,-1728
,2875
,-1954
,1474
,-1838
,72
,1481
,-1271
,1959
,-3054
,1662
,-689
,819
,742
,-2383
,1820
,-1959
,2629
,-1251
,-338
,167
,-1366
,2841
,-2118
,1490
,-2041
,497
,1148
,-1071
,1676
,-2982
,2015
,-977
,1127
,57
,-1971
,1696
,-1810
,2788
,-1702
,111
,-278
,-810
,2487
,-2137
,1660
,-2272
,1131
,640
,-787
,1320
,-2926
,2294
,-1229
,1517
,-444
,-1614
,1586
,-1736
,2843
,-2163
,535
,-550
,-368
,2264
,-2260
,1663
,-2481
,1606
,369
,-486
,976
,-2680
,2398
,-1374
,1651
,-912
,-1196
,1429
,-1354
,2677
,-2349
,611
,-755
,159
,1915
,-2065
,1449
,-2396
,1877
,16
,-298
,487
,-2367
,2433
,-1221
,1712
,-1431
,-819
,1207
,-942
,2454
,-2547
,842
,-947
,695
,1436
,-2026
,1194
,-2329
,2388
,-367
,-44
,-96
,-2018
,2555
,-1340
,1850
,-2002
,-241
,989
,-585
,2218
,-2903
,1180
,-1167
,1367
,874
,-1940
,1068
,-2235
,2819
,-845
,215
,-546
,-1490
,2612
,-1405
,1806
,-2402
,186
,886
,-291
,1833
,-3008
,1363
,-1077
,1586
,483
,-1887
,968
,-1871
,2944
,-1096
,110
,-784
,-1054
,2597
,-1394
,1569
,-2559
,617
,765
,-122
,1306
,-2927
,1565
,-1047
,1872
,-224
,-1636
,774
,-1434
,2928
,-1515
,338
,-1200
,-330
,2220
,-1386
,1331
,-2700
,1290
,350
,242
,672
,-2686
,1739
,-1128
,2152
,-886
,-1146
,592
,-1084
,2785
,-1923
,565
,-1357
,270
,1849
,-1386
,1173
,-2679
,1618
,143
,303
,332
,-2423
,1832
,-1011
,2001
,-1254
,-1005
,627
,-724
,2561
,-2061
,482
,-1302
,605
,1592
,-1374
,820
,-2383
,1850
,11
,330
,-232
,-2001
,1748
,-717
,1809
,-1607
,-651
,431
,-201
,2016
,-2006
,420
,-1147
,1119
,1051
,-1171
,338
,-1931
,1962
,-164
,385
,-725
,-1419
,1715
,-574
,1526
,-1889
,-263
,368
,221
,1535
,-2166
,506
,-1026
,1483
,565
,-1148
,203
,-1568
,2187
,-463
,325
,-964
,-929
,1754
,-562
,1276
,-2110
,201
,376
,369
,1088
,-2161
,747
,-916
,1703
,31
,-1070
,96
,-1193
,2260
,-786
,341
,-1208
,-355
,1572
,-559
,1012
,-2146
,646
,262
,562
,581
,-2009
,891
,-717
,1760
,-403
,-909
,99
,-739
,2166
,-998
,326
,-1223
,76
,1428
,-640
,755
,-1988
,962
,223
,538
,236
,-1744
,954
,-550
,1601
,-644
,-766
,58
,-358
,1859
,-1032
,197
,-1105
,399
,1222
,-513
,425
,-1703
,1052
,212
,576
,-216
,-1410
,921
,-334
,1496
,-957
,-458
,-82
,81
,1503
,-1127
,223
,-1127
,866
,718
,-394
,46
,-1433
,1253
,-36
,672
,-616
,-993
,858
,-160
,1298
,-1176
,-211
,-89
,318
,1200
,-1223
,212
,-941
,1063
,577
,-477
,-56
,-1236
,1431
,-99
,504
,-745
,-857
,1007
,-219
,1152
,-1395
,-41
,71
,418
,1037
,-1399
,375
,-851
,1239
,308
,-573
,-51
,-1023
,1569
,-290
,414
,-967
,-449
,1033
,-202
,880
,-1477
,177
,88
,566
,599
,-1308
,267
,-603
,1257
,9
,-557
,-184
,-646
,1416
,-324
,198
,-934
,-193
,929
,-112
,510
,-1381
,344
,116
,606
,245
,-1217
,321
,-431
,1259
,-346
,-456
,-282
,-279
,1286
,-544
,278
,-1092
,301
,678
,-52
,292
,-1393
,628
,-52
,784
,-196
,-925
,379
,-330
,1261
,-664
,-284
,-348
,-45
,1176
,-670
,199
,-1001
,440
,631
,-177
,208
,-1241
,722
,-5
,562
,-225
,-952
,523
,-257
,1075
,-700
,-289
,-151
,47
,1031
,-743
,123
,-819
,552
,481
,-227
,-6
,-1025
,724
,16
,463
,-458
,-628
,385
,-50
,822
,-753
,-158
,-221
,291
,653
,-613
,53
,-692
,704
,197
,-174
,-180
,-749
,770
,-112
,442
,-568
,-410
,381
,-37
,684
,-861
,-8
,-180
,328
,493
,-716
,128
,-605
,745
,32
,-205
,-152
,-612
,830
,-254
,342
,-688
,-206
,365
,-42
,486
,-917
,175
,-215
,430
,193
,-602
,64
,-452
,730
,-97
,-124
,-288
,-311
,624
,-160
,199
,-607
,-47
,363
,19
,295
,-732
,124
,-64
,389
,138
,-597
,129
,-340
,735
,-171
,-128
,-215
,-217
,676
,-258
,223
,-648
,137
,283
,116
,144
,-664
,256
,-135
,481
,-166
,-350
,20
,-118
,639
,-291
,-57
,-366
,74
,476
,-180
,72
,-540
,254
,145
,67
,-51
,-536
,290
,15
,417
,-201
,-319
,107
,-65
,546
,-339
,-38
,-211
,103
,423
,-315
,71
,-426
,370
,157
,53
,-117
,-406
,297
,-13
,326
,-327
,-81
,42
,163
,241
,-350
,-16
,-141
,347
,124
,-109
,-132
,-160
,279
,72
,43
,-209
,-100
,209
,60
,76
,-271
,-65
,128
,121
,186
,-256
,19
,-20
,199
,81
,-210
,53
,-104
,314
,-11
,-102
,-70
,-118
,327
,-66
,143
,-224
,-18
,160
,-25
,184
,-337
,166
,-51
,218
,18
,-194
,123
,-173
,355
,-105
,91
,-110
,-21
,138
,-70
,124
,-186
,153
,41
,142
,15
,-115
,91
,-47
,168
,36
,-25
,6
,-26
,161
,-92
,1
,-85
,29
,138
,-7
,64
,-139
,29
,-3
,75
,10
,5
,26
,22
,26
,-15
,-24
,-20
,67
,52
,52
,-25
,-26
,-65
