1115
,9773
,18966
,25593
,29200
,29203
,26084
,19806
,10965
,894
,-9178
,-18223
,-24964
,-29007
,-29375
,-26553
,-20357
,-11769
,-1853
,8327
,17320
,24228
,28822
,29478
,26839
,21084
,12533
,2863
,-7420
,-16643
,-23854
,-28423
,-29531
,-27110
,-21653
,-13467
,-3692
,6482
,16046
,23410
,28013
,29604
,27349
,22263
,14380
,4617
,-5515
,-15142
,-22910
,-27763
,-29701
,-27958
,-22648
,-15088
,-5549
,4677
,14255
,22406
,27547
,29646
,28240
,23068
,15894
,6502
,-3759
,-13479
,-21747
,-27320
,-29562
,-28567
,-24086
,-16605
,-7443
,2834
,12527
,20909
,26872
,29497
,28741
,24648
,17310
,8181
,-1865
,-11728
,-20321
,-26602
,-29371
,-29005
,-25235
,-18350
,-9095
,866
,10973
,19633
,25989
,29315
,29124
,25613
,18943
,10062
,-10
,-10001
,-18691
,-25318
,-29255
,-29202
,-26028
,-19642
,-10890
,-978
,9182
,18130
,24941
,28902
,29335
,26319
,20315
,11887
,1911
,-8295
,-17429
,-24402
,-28610
,-29434
,-26618
,-20992
,-12670
,-2714
,7335
,16558
,24045
,28351
,29686
,27190
,21410
,13424
,3696
,-6420
,-15824
,-23486
,-28176
,-29697
,-27483
,-21983
,-14433
,-4575
,5570
,15192
,23001
,28005
,29609
,28017
,22871
,15012
,5588
,-4734
,-14108
,-22230
,-27624
,-29606
,-28239
,-23504
,-15699
,-6486
,3726
,13441
,21713
,27390
,29526
,28582
,24152
,16838
,7303
,-2741
,-12688
,-20860
,-26772
,-29569
,-28710
,-24597
,-17427
,-8244
,1809
,11709
,20096
,26299
,29548
,28820
,25102
,18130
,9128
,-919
,-10973
,-19578
,-25916
,-29261
,-29019
,-25416
,-18911
,-10114
,0
,10115
,18908
,25420
,29014
,29268
,25908
,19586
,10966
,923
,-9130
,-18130
,-25102
,-28818
,-29552
,-26297
,-20095
,-11711
,-1807
,8242
,17427
,24599
,28709
,29567
,26777
,20853
,12699
,2722
,-7252
,-16768
,-24175
,-28568
,-29535
,-27383
,-21717
,-13440
,-3727
,6487
,15700
,23502
,28240
,29605
,27626
,22228
,14112
,4730
,-5586
,-15012
,-22871
,-28018
,-29606
,-28010
,-22996
,-15196
,-5566
,4572
,14435
,21983
,27482
,29697
,28176
,23485
,15829
,6414
,-3691
,-13429
,-21408
,-27187
,-29691
,-28347
,-24048
,-16557
,-7332
,2710
,12673
,20991
,26619
,29434
,28608
,24403
,17428
,8297
,-1915
,-11883
,-20318
,-26317
,-29334
,-28905
,-24937
,-18132
,-9182
,979
,10890
,19641
,26029
,29204
,29250
,25324
,18687
,10001
,13
,-10066
,-18939
,-25616
,-29123
,-29314
,-25991
,-19631
,-10974
,-867
,9098
,18346
,25238
,29005
,29367
,26607
,20317
,11730
,1865
,-8182
,-17310
,-24650
,-28737
,-29503
,-26866
,-20913
,-12527
,-2830
,7438
,16609
,24084
,28568
,29561
,27321
,21747
,13479
,3760
,-6506
,-15889
,-23071
,-28239
,-29644
,-27551
,-22401
,-14259
,-4676
,5550
,15086
,22650
,27958
,29698
,27767
,22906
,15145
,5514
,-4618
,-14376
,-22267
,-27346
,-29605
,-28012
,-23410
,-16045
,-6486
,3691
,13462
,21662
,27093
,29574
,28600
,23822
,16662
,7406
,-2851
,-12543
,-21076
,-26844
,-29476
,-28823
,-24229
,-17314
,-8337
,1867
,11750
,20378
,26530
,29402
,28975
,25000
,18184
,9220
,-937
,-10920
,-19857
,-26026
,-29266
,-29131
,-25674
,-18859
,-9965
,-2
,9968
,18855
,25679
,29127
,29268
,26025
,19859
,10917
,938
,-9218
,-18188
,-24994
,-28982
,-29397
,-26532
,-20375
,-11755
,-1862
,8331
,17319
,24226
,28824
,29476
,26843
,21077
,12542
,2852
,-7410
,-16652
,-23845
,-28431
,-29523
,-27119
,-21644
,-13474
,-3687
,6478
,16051
,23405
,28017
,29599
,27353
,22261
,14381
,4616
,-5515
,-15141
,-22910
,-27763
,-29703
,-27954
,-22653
,-15083
,-5553
,4680
,14254
,22407
,27546
,29647
,28239
,23068
,15893
,6503
,-3760
,-13477
,-21750
,-27317
,-29565
,-28565
,-24086
,-16608
,-7439
,2830
,12530
,20907
,26874
,29493
,28746
,24643
,17314
,8182
,-1868
,-11726
,-20321
,-26604
,-29368
,-29006
,-25235
,-18350
,-9093
,863
,10976
,19631
,25990
,29316
,29124
,25612
,18944
,10061
,-11
,-10000
,-18690
,-25321
,-29253
,-29203
,-26029
,-19641
,-10891
,-976
,9180
,18130
,24940
,28902
,29335
,26318
,20314
,11888
,1910
,-8292
,-17432
,-24400
,-28610
,-29434
,-26618
,-20992
,-12670
,-2714
,7336
,16553
,24051
,28344
,29693
,27186
,21409
,13426
,3695
,-6418
,-15824
,-23488
,-28176
,-29697
,-27482
,-21983
,-14433
,-4574
,5567
,15197
,22996
,28010
,29606
,28017
,22872
,15011
,5589
,-4734
,-14109
,-22229
,-27625
,-29606
,-28239
,-23505
,-15697
,-6490
,3730
,13438
,21716
,27386
,29530
,28574
,24168
,16775
,7247
,-2719
,-12703
,-20848
,-26781
,-29564
,-28713
,-24597
,-17426
,-8245
,1811
,11709
,20095
,26298
,29550
,28818
,25103
,18130
,9127
,-919
,-10971
,-19582
,-25911
,-29265
,-29018
,-25416
,-18910
,-10115
,1
,10113
,18910
,25418
,29016
,29265
,25912
,19580
,10974
,917
,-9126
,-18132
,-25101
,-28819
,-29549
,-26300
,-20093
,-11712
,-1807
,8240
,17430
,24594
,28716
,29562
,26780
,20851
,12699
,2723
,-7250
,-16773
,-24169
,-28573
,-29532
,-27383
,-21719
,-13436
,-3729
,6488
,15699
,23502
,28241
,29606
,27624
,22230
,14110
,4731
,-5586
,-15013
,-22871
,-28016
,-29609
,-28007
,-22998
,-15197
,-5565
,4572
,14434
,21983
,27481
,29698
,28177
,23486
,15826
,6416
,-3692
,-13429
,-21406
,-27190
,-29688
,-28349
,-24047
,-16556
,-7336
,2716
,12667
,20996
,26615
,29436
,28608
,24402
,17431
,8293
,-1911
,-11887
,-20315
,-26319
,-29332
,-28907
,-24935
,-18135
,-9178
,976
,10891
,19641
,26029
,29203
,29252
,25322
,18687
,10004
,7
,-10059
,-18945
,-25611
,-29126
,-29313
,-25992
,-19630
,-10975
,-865
,9095
,18350
,25234
,29007
,29368
,26604
,20321
,11727
,1867
,-8183
,-17311
,-24647
,-28742
,-29498
,-26872
,-20908
,-12529
,-2837
,7430
,16612
,24083
,28570
,29559
,27321
,21747
,13481
,3757
,-6500
,-15898
,-23063
,-28243
,-29644
,-27548
,-22404
,-14258
,-4675
,5549
,15087
,22649
,27958
,29698
,27768
,22905
,15146
,5512
,-4616
,-14379
,-22265
,-27346
,-29606
,-28012
,-23411
,-16045
,-6484
,3696
,13460
,21663
,27091
,29576
,28599
,23823
,16662
,7406
,-2852
,-12541
,-21078
,-26842
,-29478
,-28822
,-24229
,-17316
,-8333
,1862
,11755
,20375
,26533
,29398
,28978
,24997
,18186
,9219
,-937
,-10920
,-19856
,-26028
,-29266
,-29129
,-25676
,-18858
,-9964
,-4
,9970
,18855
,25678
,29127
,29269
,26024
,19859
,10920
,934
,-9216
,-18188
,-24998
,-28975
,-29402
,-26529
,-20377
,-11753
,-1865
,8336
,17314
,24231
,28820
,29480
,26840
,21080
,12541
,2851
,-7406
,-16661
,-23825
,-28596
,-29578
,-27090
,-21663
,-13461
,-3695
,6483
,16048
,23406
,28018
,29599
,27351
,22263
,14379
,4618
,-5517
,-15140
,-22910
,-27765
,-29698
,-27960
,-22648
,-15087
,-5550
,4678
,14255
,22406
,27546
,29646
,28241
,23066
,15896
,6499
,-3756
,-13481
,-21747
,-27319
,-29565
,-28562
,-24091
,-16603
,-7443
,2833
,12527
,20911
,26870
,29497
,28744
,24643
,17316
,8180
,-1866
,-11728
,-20320
,-26603
,-29369
,-29007
,-25234
,-18351
,-9092
,861
,10979
,19626
,25995
,29312
,29126
,25612
,18945
,10058
,-5
,-10008
,-18683
,-25325
,-29251
,-29202
,-26031
,-19639
,-10892
,-977
,9183
,18129
,24940
,28903
,29334
,26321
,20313
,11888
,1909
,-8292
,-17432
,-24400
,-28611
,-29434
,-26617
,-20992
,-12670
,-2715
,7338
,16552
,24053
,28343
,29693
,27186
,21409
,13428
,3692
,-6417
,-15825
,-23488
,-28174
,-29698
,-27482
,-21983
,-14434
,-4573
,5567
,15196
,22997
,28008
,29609
,28015
,22872
,15012
,5587
,-4731
,-14111
,-22228
,-27625
,-29605
,-28241
,-23502
,-15700
,-6488
,3730
,13436
,21719
,27382
,29535
,28570
,24172
,16771
,7249
,-2719
,-12702
,-20851
,-26778
,-29567
,-28709
,-24599
,-17427
,-8243
,1809
,11710
,20095
,26297
,29551
,28817
,25106
,18124
,9139
,-936
,-10947
,-19622
,-25785
,-29152
,-29057
,-25393
,-18926
,-10102
,-9
,10121
,18905
,25420
,29016
,29265
,25912
,19581
,10971
,919
,-9126
,-18134
,-25098
,-28823
,-29545
,-26303
,-20089
,-11716
,-1803
,8239
,17430
,24596
,28712
,29563
,26782
,20846
,12704
,2719
,-7249
,-16772
,-24170
,-28571
,-29535
,-27381
,-21720
,-13436
,-3730
,6489
,15697
,23507
,28236
,29608
,27624
,22228
,14112
,4730
,-5586
,-15013
,-22871
,-28016
,-29608
,-28008
,-22997
,-15199
,-5562
,4567
,14440
,21979
,27483
,29697
,28175
,23487
,15826
,6417
,-3694
,-13425
,-21412
,-27183
,-29695
,-28342
,-24053
,-16552
,-7339
,2717
,12668
,20993
,26617
,29434
,28611
,24401
,17430
,8295
,-1913
,-11885
,-20315
,-26320
,-29332
,-28906
,-24936
,-18132
,-9182
,978
,10891
,19640
,26030
,29203
,29251
,25325
,18685
,10004
,8
,-10059
,-18944
,-25613
,-29124
,-29315
,-25990
,-19631
,-10974
,-868
,9099
,18345
,25239
,29005
,29368
,26606
,20317
,11730
,1865
,-8182
,-17312
,-24647
,-28740
,-29500
,-26869
,-20912
,-12525
,-2841
,7435
,16606
,24088
,28565
,29562
,27320
,21749
,13477
,3761
,-6505
,-15893
,-23066
,-28242
,-29644
,-27549
,-22402
,-14259
,-4675
,5548
,15089
,22647
,27960
,29697
,27767
,22907
,15144
,5514
,-4616
,-14380
,-22264
,-27349
,-29602
,-28015
,-23409
,-16046
,-6485
,3698
,13458
,21665
,27090
,29576
,28600
,23821
,16665
,7402
,-2848
,-12544
,-21075
,-26846
,-29474
,-28825
,-24227
,-17316
,-8336
,1867
,11750
,20379
,26529
,29401
,28977
,24997
,18186
,9219
,-937
,-10917
,-19861
,-26023
,-29270
,-29126
,-25679
,-18854
,-9969
,1
,9967
,18855
,25679
,29126
,29270
,26023
,19860
,10918
,938
,-9219
,-18186
,-24997
,-28979
,-29399
,-26532
,-20375
,-11754
,-1859
,8336
,17315
,24230
,28821
,29478
,26842
,21079
,12540
,2851
,-7405
,-16662
,-23823
,-28599
,-29575
,-27093
,-21661
,-13461
,-3696
,6485
,16045
,23410
,28014
,29602
,27350
,22262
,14381
,4616
,-5516
,-15140
,-22911
,-27764
,-29699
,-27959
,-22648
,-15088
,-5549
,4677
,14256
,22405
,27547
,29646
,28240
,23067
,15893
,6504
,-3759
,-13479
,-21748
,-27320
,-29563
,-28563
,-24089
,-16605
,-7441
,2832
,12529
,20908
,26872
,29497
,28741
,24648
,17311
,8182
,-1867
,-11727
,-20320
,-26603
,-29370
,-29006
,-25235
,-18350
,-9093
,862
,10977
,19629
,25992
,29313
,29126
,25610
,18946
,10059
,-9
,-10001
,-18690
,-25320
,-29254
,-29201
,-26031
,-19639
,-10893
,-975
,9179
,18134
,24936
,28905
,29333
,26320
,20314
,11887
,1912
,-8295
,-17430
,-24401
,-28609
,-29434
,-26618
,-20994
,-12667
,-2718
,7341
,16549
,24053
,28344
,29692
,27186
,21409
,13428
,3692
,-6414
,-15830
,-23482
,-28179
,-29695
,-27484
,-21982
,-14435
,-4572
,5567
,15195
,22999
,28005
,29611
,28014
,22874
,15010
,5587
,-4731
,-14111
,-22227
,-27627
,-29605
,-28240
,-23503
,-15700
,-6486
,3726
,13441
,21715
,27384
,29534
,28568
,24176
,16768
,7252
,-2722
,-12702
,-20848
,-26782
,-29562
,-28715
,-24594
,-17430
,-8240
,1806
,11713
,20093
,26301
,29547
,28820
,25101
,18132
,9127
,-920
,-10970
,-19583
,-25910
,-29267
,-29015
,-25419
,-18908
,-10115
,1
,10113
,18911
,25415
,29018
,29264
,25914
,19578
,10975
,915
,-9123
,-18134
,-25100
,-28819
,-29550
,-26299
,-20094
,-11711
,-1808
,8242
,17427
,24598
,28710
,29569
,26774
,20856
,12696
,2725
,-7253
,-16769
,-24172
,-28571
,-29534
,-27382
,-21718
,-13437
,-3729
,6487
,15700
,23503
,28240
,29606
,27625
,22228
,14112
,4728
,-5582
,-15016
,-22869
,-28018
,-29607
,-28008
,-22999
,-15193
,-5571
,4577
,14431
,21984
,27481
,29699
,28175
,23487
,15825
,6417
,-3693
,-13426
,-21410
,-27187
,-29690
,-28348
,-24047
,-16556
,-7336
,2716
,12668
,20994
,26617
,29433
,28612
,24398
,17434
,8290
,-1908
,-11889
,-20314
,-26319
,-29334
,-28903
,-24939
,-18131
,-9181
,977
,10891
,19642
,26028
,29203
,29252
,25323
,18686
,10006
,4
,-10056
,-18947
,-25611
,-29125
,-29315
,-25988
,-19633
,-10973
,-867
,9097
,18347
,25238
,29004
,29370
,26604
,20318
,11729
,1866
,-8182
,-17312
,-24646
,-28744
,-29496
,-26872
,-20911
,-12525
,-2840
,7432
,16612
,24082
,28568
,29562
,27319
,21750
,13478
,3760
,-6504
,-15893
,-23068
,-28239
,-29646
,-27546
,-22407
,-14254
,-4680
,5554
,15084
,22650
,27958
,29698
,27767
,22907
,15144
,5512
,-4613
,-14383
,-22261
,-27350
,-29603
,-28014
,-23409
,-16047
,-6483
,3695
,13461
,21662
,27093
,29574
,28600
,23822
,16663
,7405
,-2850
,-12544
,-21075
,-26845
,-29475
,-28824
,-24228
,-17316
,-8334
,1864
,11752
,20379
,26528
,29402
,28975
,24998
,18188
,9216
,-934
,-10921
,-19857
,-26026
,-29267
,-29129
,-25675
,-18859
,-9966
,0
,9968
,18855
,25679
,29125
,29270
,26024
,19860
,10918
,936
,-9218
,-18186
,-24998
,-28976
,-29402
,-26528
,-20379
,-11750
,-1868
,8338
,17314
,24229
,28824
,29475
,26844
,21077
,12543
,2849
,-7404
,-16662
,-23824
,-28597
,-29578
,-27090
,-21662
,-13462
,-3694
,6482
,16047
,23410
,28012
,29605
,27346
,22266
,14377
,4620
,-5518
,-15141
,-22908
,-27768
,-29695
,-27962
,-22646
,-15089
,-5548
,4675
,14258
,22403
,27549
,29645
,28240
,23067
,15894
,6503
,-3759
,-13479
,-21748
,-27319
,-29563
,-28565
,-24089
,-16604
,-7438
,2844
,12523
,20912
,26870
,29498
,28741
,24648
,17309
,8185
,-1869
,-11727
,-20320
,-26603
,-29370
,-29005
,-25236
,-18349
,-9095
,867
,10971
,19636
,25985
,29319
,29121
,25616
,18941
,10063
,-12
,-10001
,-18688
,-25323
,-29252
,-29204
,-26028
,-19643
,-10889
,-978
,9181
,18134
,24934
,28907
,29332
,26320
,20316
,11884
,1913
,-8296
,-17429
,-24403
,-28606
,-29440
,-26611
,-20999
,-12665
,-2717
,7337
,16556
,24046
,28351
,29685
,27192
,21407
,13427
,3694
,-6418
,-15825
,-23486
,-28177
,-29696
,-27483
,-21982
,-14435
,-4572
,5566
,15196
,22997
,28009
,29607
,28018
,22869
,15015
,5583
,-4728
,-14112
,-22228
,-27624
,-29608
,-28237
,-23506
,-15696
,-6492
,3734
,13432
,21723
,27379
,29536
,28571
,24170
,16773
,7248
,-2719
,-12703
,-20849
,-26780
,-29564
,-28712
,-24598
,-17427
,-8242
,1808
,11710
,20094
,26298
,29552
,28815
,25107
,18123
,9139
,-935
,-10947
,-19623
,-25783
,-29155
,-29053
,-25396
,-18924
,-10104
,-8
,10121
,18903
,25423
,29012
,29269
,25908
,19584
,10969
,921
,-9129
,-18131
,-25100
,-28820
,-29548
,-26301
,-20091
,-11713
,-1806
,8241
,17429
,24596
,28714
,29562
,26781
,20849
,12700
,2721
,-7248
,-16773
,-24170
,-28572
,-29533
,-27384
,-21717
,-13438
,-3729
,6489
,15698
,23504
,28239
,29607
,27624
,22229
,14110
,4731
,-5586
,-15013
,-22871
,-28017
,-29607
,-28008
,-22998
,-15195
,-5568
,4573
,14434
,21983
,27482
,29698
,28175
,23485
,15828
,6415
,-3692
,-13426
,-21412
,-27183
,-29694
,-28344
,-24052
,-16552
,-7340
,2719
,12666
,20994
,26617
,29433
,28613
,24398
,17433
,8292
,-1909
,-11887
,-20316
,-26318
,-29336
,-28902
,-24937
,-18135
,-9176
,971
,10895
,19639
,26029
,29203
,29253
,25322
,18688
,10003
,8
,-10058
,-18947
,-25611
,-29125
,-29316
,-25987
,-19635
,-10972
,-868
,9097
,18348
,25237
,29003
,29372
,26602
,20321
,11727
,1867
,-8182
,-17312
,-24645
,-28744
,-29495
,-26872
,-20911
,-12526
,-2835
,7444
,16603
,24090
,28563
,29565
,27318
,21750
,13476
,3763
,-6507
,-15890
,-23069
,-28240
,-29645
,-27548
,-22405
,-14256
,-4676
,5547
,15091
,22645
,27961
,29696
,27768
,22908
,15143
,5514
,-4617
,-14379
,-22264
,-27347
,-29606
,-28013
,-23407
,-16050
,-6480
,3691
,13467
,21654
,27110
,29530
,28425
,23849
,16649
,7415
,-2859
,-12536
,-21082
,-26840
,-29478
,-28822
,-24229
,-17317
,-8330
,1855
,11768
,20355
,26557
,29371
,29009
,24964
,18223
,9178
,-893
,-10967
,-19807
,-26081
,-29207
,-29195
,-25599
,-18960
,-9782
,-1070
,186
,-105
,79
,-67
,61
,-56
,52
,-50
,48
,-45
,41
,-37
,32
,-27
,23
,-19
,15
,-11
,7
,-4
,2
,1
,-3
,5
,-7
,8
,-9
,9
,-8
,8
,-7
,6
,-6
,5
,-4
,3
,-2
,2
,-3
,3
,-3
,3
,-1
,-1
,1
,0
,0
,0
,1
,-3
,3
,-2
,1
,0
,0
,-1
,2
,-2
,1
,1
,-1
,0
,1
,-1
,0
,1
,-2
,2
,-1
,0
,-1
,2
,-1
,0
,1
,-3
,4
,-3
,2
,-2
,1
,0
,-1
,2
,-2
,1
,0
,0
,-1
,2
,-2
,1
,1
,-2
,1
,1
,-2
,3
,-2
,0
,0
,1
,-2
,4
,-5
,4
,-3
,2
,-1
,0
,1
,-1
,1
,-2
,2
,-1
,1
,-1
,0
,0
,0
,1
,-1
,0
,1
,-2
,3
,-3
,2
,-2
,2
,-1
,0
,1
,-2
,2
,-2
,2
,-2
,2
,-2
,2
,-2
,2
,-3
,4
,-5
,6
,-5
,3
,-1
,-1
,2
,-2
,2
,-1
,1
,-1
,0
,0
,1
,-2
,3
,-4
,4
,-3
,2
,-1
,0
,1
,-1
,0
,2
,-3
,3
,-2
,0
,1
,-1
,1
,0
,-2
,3
,-3
,2
,0
,-1
,1
,-1
,1
,-1
,1
,-1
,0
,1
,-2
,3
,-3
,2
,-2
,3
,-4
,5
,-6
,6
,-5
,4
,-3
,2
,-1
,1
,-2
,3
,-3
,3
,-3
,2
,-1
,0
,1
,0
,-1
,1
,-2
,2
,0
,-2
,3
,-4
,5
,-4
,2
,-2
,2
,-1
,1
,0
,-1
,1
,-1
,1
,-1
,1
,-1
,1
,-1
,1
,-2
,3
,-4
,4
,-3
,1
,1
,-1
,1
