14
,-17
,19
,-22
,23
,-21
,24
,-26
,26
,-35
,22
,-23
,17
,-28
,18
,-1
,-3
,21
,-43
,32
,-49
,24
,-57
,91
,-116
,129
,-96
,23
,-166
,-25
,-382
,-191
,-721
,-1120
,-2699
,74
,5983
,2295
,-4108
,-3271
,4618
,8651
,1573
,-7984
,-7212
,2556
,13229
,5738
,-11649
,-12967
,4305
,15667
,7953
,-10011
,-16109
,-3888
,10213
,13392
,-706
,-15575
,-8138
,12752
,19331
,2259
,-18328
,-14075
,8577
,21890
,6076
,-17158
,-18639
,4711
,17890
,5516
,-18383
,-24865
,-1017
,23786
,12496
,-18763
,-23000
,-1196
,20393
,20794
,-2476
,-21663
,-11271
,12513
,22864
,-164
,-17437
,-10698
,9104
,20404
,5835
,-13686
,-15930
,2984
,18137
,10089
,-10191
,-20278
,-7285
,16310
,14351
,-6445
,-19288
,-9208
,15024
,17759
,-3423
,-18395
,-10422
,12242
,18828
,1289
,-15991
,-13931
,8796
,20356
,4564
,-11074
,-11390
,3453
,14163
,7676
,-10916
,-16504
,-4241
,12210
,12785
,-4876
,-10910
,-4764
,10207
,16300
,-724
,-11013
,-4180
,5319
,12565
,-2163
,-13655
,-7937
,5666
,13551
,595
,-12812
,-12725
,4156
,18554
,6201
,-14297
,-15015
,628
,13420
,7907
,-8111
,-14486
,-4546
,11176
,13026
,-1697
,-10521
,-5545
,7401
,13526
,2142
,-11486
,-8852
,4001
,13961
,5779
,-10609
,-12196
,4327
,17013
,6968
,-13173
,-15016
,1451
,14698
,7750
,-15556
,-17103
,517
,14501
,8569
,-9213
,-14803
,-2030
,13989
,12666
,-4906
,-12774
,-2982
,10482
,14177
,-505
,-11619
,-9498
,1819
,11852
,4433
,-9059
,-10065
,-508
,11303
,9302
,-4858
,-9121
,-2883
,9110
,9927
,-3240
,-12533
,-7636
,8139
,11913
,-743
,-12397
,-8204
,10351
,16820
,961
,-11860
,-10281
,3218
,13545
,3216
,-14529
,-14736
,-989
,14290
,10594
,-10195
,-13140
,-600
,14536
,14729
,-5559
,-13856
,-4408
,10177
,15244
,-1403
,-16094
,-10488
,7842
,16189
,1455
,-13571
,-10216
,5560
,16702
,6245
,-10901
,-13474
,760
,13577
,5721
,-11738
,-14446
,-1350
,12520
,9236
,-7440
,-13252
,-3538
,11795
,13517
,-1740
,-12603
,-7165
,6243
,15199
,2621
,-13673
,-10549
,3864
,14983
,6493
,-10723
,-11732
,-200
,13026
,11744
,-6612
,-14147
,-3351
,11440
,11699
,-3613
,-14035
,-7630
,8835
,13344
,-1227
,-13612
,-10016
,6399
,15748
,3592
,-12325
,-11525
,2726
,14367
,6255
,-10012
,-12200
,-107
,13877
,10383
,-7658
,-14725
,-4697
,12213
,14001
,-4218
,-15630
,-8132
,10626
,16416
,-646
,-14555
,-9686
,7215
,18567
,4648
,-15015
,-13381
,3988
,17896
,8386
,-14178
,-16414
,362
,14274
,9617
,-9991
,-16897
,-2607
,13962
,12314
,-4709
,-13324
,-5316
,10442
,15125
,111
,-13197
,-10353
,6446
,16009
,2628
,-11813
,-11314
,1434
,15870
,8742
,-11694
,-15948
,-1016
,15170
,10588
,-9097
,-14071
,-1639
,12479
,13170
,-5051
,-15602
,-4648
,10319
,13127
,-2748
,-15425
,-7170
,7509
,13985
,2536
,-13246
,-10630
,4860
,14030
,6180
,-9786
,-13979
,-262
,14412
,9822
,-6709
,-13967
,-3451
,12456
,11019
,-3846
,-11729
,-6393
,7994
,13051
,-530
,-11651
,-6545
,5630
,11739
,2134
,-9961
,-8070
,1695
,10191
,5842
,-8423
,-11604
,-641
,10762
,8905
,-6116
,-13053
,-3689
,11320
,12455
,-3123
,-12689
,-6661
,7735
,13530
,333
,-12577
,-9082
,5036
,14474
,4492
,-10372
,-9944
,2323
,11830
,6383
,-7805
,-11964
,-2072
,10422
,9778
,-5012
,-12670
,-4123
,9724
,12241
,-1414
,-11522
,-7194
,5455
,12770
,2155
,-11227
,-9478
,2642
,12453
,5911
,-9918
,-11960
,370
,11776
,8655
,-5892
,-11959
,-2181
,10536
,11526
,-2374
,-11581
,-4932
,7212
,11218
,-1144
,-12366
,-7734
,4615
,10883
,2430
,-9305
,-8869
,2016
,11893
,6540
,-7737
,-10695
,849
,11302
,7293
,-4820
,-11426
,-4354
,9306
,10573
,-2199
,-11704
,-6136
,7368
,10871
,-292
,-10168
,-6662
,4867
,11891
,3543
,-10534
,-10172
,2483
,11282
,5585
,-8315
,-11839
,-1584
,11481
,10365
,-4590
,-11323
,-3422
,9265
,10359
,-1759
,-10214
,-7784
,5328
,12748
,964
,-10850
,-9197
,2817
,11924
,4792
,-9210
,-11044
,1218
,12255
,8664
,-5837
,-11637
,-1790
,10044
,9963
,-3546
,-12230
,-5133
,7198
,10319
,-796
,-9913
,-7114
,4383
,11992
,2981
,-9509
,-9546
,2200
,12564
,4913
,-8488
,-9957
,-1369
,9920
,8404
,-5068
,-11653
,-3503
,9212
,10384
,-2342
,-9964
,-4039
,7222
,11358
,17
,-11253
,-7311
,4330
,10850
,2801
,-10811
,-9725
,2820
,11502
,6350
,-7055
,-10862
,-1165
,10030
,9028
,-3892
,-12058
,-4806
,8755
,10698
,-1313
,-11256
,-6998
,6366
,11645
,1614
,-8896
,-8178
,2539
,11919
,5451
,-8335
,-9748
,198
,9936
,7354
,-6307
,-10837
,-3191
,8353
,9869
,-2838
,-11133
,-5319
,7946
,12083
,-344
,-11583
,-7853
,5477
,11887
,2452
,-10127
,-11013
,2728
,13276
,6559
,-7904
,-11934
,-96
,11414
,8445
,-5555
,-12279
,-2921
,9287
,9643
,-2733
,-11205
,-5282
,6757
,11150
,40
,-10589
,-7432
,3358
,12500
,3967
,-10109
,-8833
,2089
,11846
,6186
,-7588
,-10512
,-1746
,10311
,9683
,-4954
,-12405
,-4068
,9103
,10352
,-1296
,-11034
,-6764
,6875
,10879
,2018
,-9459
,-9003
,3701
,11524
,4393
,-9308
,-10939
,1292
,10843
,6572
,-6131
,-10223
,-1720
,9055
,9753
,-3312
,-11231
,-4773
,8085
,11477
,-1507
,-10865
,-6636
,4439
,11160
,2690
,-9455
,-9302
,1930
,11549
,5304
,-7968
,-9169
,591
,10385
,8037
,-5154
,-11080
,-2983
,8632
,9799
,-2075
,-11618
,-7069
,5989
,11153
,286
,-10085
,-7790
,3961
,10783
,3315
,-7939
,-8824
,2091
,10936
,5199
,-6659
,-7856
,784
,7543
,4874
,-4330
,-7806
,-527
,6678
,6438
,-2430
,-8346
,-2395
,4946
,6930
,-85
,-8138
,-5266
,3261
,8369
,1897
,-7620
,-5354
,2558
,7680
,3427
,-5641
,-7039
,-614
,8382
,6059
,-4622
,-7972
,-2338
,6765
,6150
,-2120
,-7154
,-4217
,5356
,7833
,137
,-6759
,-5207
,3768
,7965
,2195
,-6574
,-6528
,1935
,6690
,3694
,-5233
,-7329
,-196
,6655
,6605
,-2843
,-8377
,-2707
,5742
,7442
,-1296
,-7676
,-4286
,3496
,7774
,1179
,-6488
,-6057
,1903
,8452
,2658
,-5625
,-6077
,671
,8216
,5193
,-4204
,-7401
,-1642
,6579
,5907
,-2784
,-8016
,-4162
,5337
,7880
,-544
,-7637
,-4506
,3619
,7388
,1842
,-6404
,-6001
,1937
,8049
,3670
,-5804
,-7140
,365
,7393
,5169
,-4156
,-7747
,-1958
,5899
,6494
,-1431
,-6883
,-3503
,4619
,7428
,329
,-7036
,-5064
,2833
,7355
,1564
,-6495
,-5730
,933
,7091
,4523
,-4588
,-7188
,-970
,7162
,5969
,-3069
,-6800
,-2467
,5487
,6728
,-1207
,-7305
,-4760
,4036
,7161
,817
,-6015
,-5639
,2845
,8059
,2910
,-5623
,-6492
,1130
,6548
,3661
,-3904
,-6877
,-1328
,5903
,5945
,-2691
,-7816
,-2342
,5644
,6765
,-1340
,-6790
,-3533
,3589
,7725
,1186
,-7069
,-5952
,2128
,8112
,2597
,-5638
,-6106
,-5
,7154
,4620
,-3474
,-6206
,-1719
,5799
,5327
,-2048
,-6410
,-3202
,5000
,6182
,-1189
,-6773
,-4039
,3233
,6299
,2063
,-5097
,-5950
,1063
,6778
,3987
,-4886
,-6638
,340
,6060
,4610
,-3160
,-6448
,-1867
,5100
,6435
,-1228
,-6435
,-3490
,3773
,7382
,790
,-5771
,-4707
,2285
,6993
,1244
,-5712
,-5794
,-27
,6392
,3938
,-3949
,-6667
,-573
,7079
,5033
,-3189
,-6462
,-1737
,5198
,6105
,-557
,-7052
,-4810
,3643
,7128
,1209
,-6412
,-5379
,2042
,6838
,3283
,-4620
,-5622
,983
,6585
,3794
,-4264
,-6681
,-1236
,5983
,5550
,-3134
,-7205
,-2358
,4894
,5864
,-935
,-5781
,-3858
,2706
,7042
,1965
,-5600
,-5372
,1712
,6927
,2832
,-4967
,-6185
,-378
,6242
,4769
,-3217
,-6907
,-1933
,6124
,6433
,-1349
,-6403
,-3156
,4650
,6582
,-266
,-6053
,-4258
,2612
,5925
,1541
,-5448
,-5904
,1510
,6953
,3046
,-5291
,-6573
,276
,6220
,4936
,-2725
,-6969
,-2494
,5027
,6682
,-1084
,-7006
,-3661
,3821
,7136
,517
,-5686
,-3449
,2638
,6713
,1680
,-5527
,-5723
,93
,6513
,3535
,-4869
,-6759
,-662
,6614
,4703
,-2517
,-5719
,-2205
,4798
,5823
,-282
,-6340
,-3850
,3986
,6116
,401
,-6205
,-4874
,2164
,6081
,2979
,-4983
,-5647
,1022
,6251
,4849
,-3613
,-6415
,-1277
,5037
,5663
,-2183
,-6208
,-2598
,3480
,5811
,-549
,-5874
,-4256
,2798
,7287
,1642
,-5559
,-5446
,2026
,7487
,3114
,-4359
,-6786
,-918
,5881
,4395
,-2556
,-6700
,-2095
,5054
,5364
,-1252
,-6369
,-2875
,4434
,6240
,284
,-5807
,-3757
,2461
,6262
,2092
,-5719
,-5774
,887
,6294
,3307
,-4225
,-5622
,-417
,5405
,4632
,-2450
,-6099
,-2508
,4928
,5956
,-1254
,-6279
,-3698
,3713
,6477
,482
,-5339
,-4595
,1681
,6546
,2973
,-3803
,-4932
,252
,5617
,3327
,-3740
,-5552
,-1047
,4408
,4030
,-2043
,-5688
,-2661
,4155
,6360
,-169
,-5994
,-3745
,3452
,6636
,1461
,-5262
,-5223
,1029
,5963
,3098
,-4202
,-6014
,-474
,5373
,4425
,-2249
,-5538
,-1035
,4899
,5168
,-1275
,-5794
,-3163
,3039
,5876
,504
,-5891
,-4973
,1613
,6258
,1986
,-4335
,-4401
,491
,5536
,3119
,-3400
,-5395
,-489
,6020
,4460
,-2501
,-6013
,-2524
,4618
,5490
,-420
,-6033
,-4231
,3280
,5815
,1296
,-4512
,-4504
,1869
,5833
,2583
,-4470
,-5301
,1327
,5389
,2403
,-3975
,-4599
,697
,4946
,2778
,-3870
,-5165
,-75
,5030
,4023
,-2726
,-4704
,-1367
,3662
,4780
,-1496
,-4528
,-2268
,2093
,4234
,-390
,-4151
,-3082
,2027
,5799
,1170
,-4480
,-4118
,1576
,5414
,2418
,-2630
,-4941
,-1056
,4512
,3778
,-1914
,-5418
,-1345
,3844
,4187
,-265
,-4707
,-2477
,2863
,5243
,894
,-4750
,-3344
,1270
,4467
,1847
,-4220
,-4480
,87
,5113
,2858
,-3484
,-4185
,-724
,4113
,4092
,-1431
,-4838
,-2729
,3522
,4757
,-998
,-5008
,-2949
,2655
,4748
,1272
,-4007
,-4362
,1529
,5383
,2990
,-2720
,-4217
,114
,4145
,3376
,-2380
,-5014
,-1177
,3268
,3077
,-1728
,-4386
,-2315
,2714
,5507
,645
,-4674
,-3565
,2389
,5407
,1289
,-3096
,-3995
,-46
,4508
,2697
,-2808
,-5299
,-969
,4442
,3179
,-2116
,-4576
,-1098
,4078
,4548
,-760
,-4697
,-2150
,2472
,4528
,449
,-4858
,-3955
,1152
,5220
,1693
,-4025
,-3595
,514
,4354
,2763
,-2097
,-4210
,-1124
,4649
,3573
,-2419
,-4957
,-1978
,3696
,4124
,-245
,-4507
,-3573
,2537
,5157
,1608
,-3534
,-3413
,1589
,4665
,2208
,-3445
,-4076
,424
,3873
,2277
,-3253
,-4337
,-1071
,3356
,4480
,-1309
,-4764
,-2472
,2985
,5035
,-308
,-4132
,-3470
,1170
,4800
,1576
,-3278
,-4287
,562
,4613
,2187
,-2381
,-4387
,61
,4812
,3489
,-1610
,-4928
,-1160
,3342
,3606
,-535
,-5156
,-3264
,2018
,4792
,919
,-4369
,-2716
,2010
,4783
,1507
,-3345
,-3352
,-12
,4617
,2789
,-3005
,-4564
,-1343
,4291
,3441
,-1722
,-4331
,-2528
,3375
,4320
,302
,-3196
,-2843
,2192
,4082
,954
,-3722
,-3901
,1628
,3722
,865
,-3540
,-3922
,565
,4014
,3552
,-1953
,-4964
,-1158
,4010
,4658
,-975
,-4383
,-2090
,2596
,4362
,-500
,-4218
,-3093
,1667
,4540
,312
,-3545
,-3459
,1160
,5449
,2049
,-2960
,-4148
,59
,4510
,2527
,-1818
,-4454
,-2026
,3388
,4097
,-568
,-4645
,-2093
,3030
,3898
,65
,-3785
,-2491
,1799
,4377
,1279
,-3976
,-4151
,268
,4646
,2797
,-2998
,-4539
,-660
,4412
,3510
,-1544
,-3412
,-1124
,3343
,3616
,-930
,-4410
,-2812
,2929
,4118
,-827
,-4589
,-2983
,1909
,4208
,1707
,-2690
,-3742
,414
,4804
,3238
,-2674
,-4373
,-632
,3667
,3411
,-1795
,-4228
,-1655
,2882
,3914
,-657
,-3597
,-2137
,2444
,4704
,575
,-3668
,-3343
,1513
,4283
,969
,-2834
,-3907
,-716
,3133
,2572
,-1577
,-4489
,-676
,4401
,3453
,-1639
,-4414
,-1163
,3222
,4217
,-13
,-4814
,-3245
,1803
,4663
,1099
,-3679
,-3004
,643
,4326
,2087
,-2881
,-2990
,257
,4159
,2558
,-2142
,-3918
,-2030
,3318
,3886
,-1162
,-4479
,-2384
,3317
,4031
,376
,-2914
,-3063
,1326
,4003
,1744
,-3238
,-4166
,498
,3551
,2034
,-2553
,-3877
,-280
,3534
,3473
,-1772
,-3879
,-760
,3172
,4553
,-139
,-3979
,-2790
,1911
,4491
,-72
,-3563
,-2741
,553
,3304
,988
,-2427
,-3530
,280
,4799
,2379
,-2590
,-3980
,-119
,4040
,3188
,-1075
,-4350
,-2131
,2577
,3750
,-207
,-3882
,-2069
,1785
,3828
,804
,-3498
,-2416
,1556
,4345
,1509
,-3210
,-3217
,-291
,3884
,3186
,-2463
,-4732
,-1413
,3493
,3093
,-1140
,-3330
,-1753
,2247
,3355
,357
,-3074
,-2196
,2199
,3499
,601
,-3264
,-3244
,1037
,4136
,2086
,-3028
,-3861
,-9
,3857
,3379
,-1631
,-3600
,-1243
,2840
,3632
,-1470
,-3695
,-1481
,1826
,3217
,-318
,-3295
,-2647
,1336
,4570
,1330
,-3323
,-3422
,1006
,4264
,2511
,-1972
,-4412
,-752
,3707
,3048
,-1508
,-4407
,-1209
,2676
,2785
,-122
,-3302
,-1950
,2361
,4171
,480
,-3607
,-2796
,1213
,4070
,1074
,-3035
,-3278
,-337
,4030
,2874
,-1880
,-3286
,-935
,3356
,3325
,-1571
,-3964
,-1721
,2035
,3343
,32
,-3661
,-2601
,1406
,4073
,1343
,-3609
,-2954
,1556
,4244
,1956
,-2359
,-2951
,82
,3460
,2782
,-1116
,-3766
,-1983
,2639
,2830
,-1041
,-3469
,-1947
,2087
,2480
,-150
,-2734
,-3038
,1291
,4576
,1838
,-3481
,-3850
,1133
,4041
,1949
,-2135
,-3484
,-954
,2880
,3876
,-722
,-3882
,-819
,3366
,3827
,-387
,-3660
,-1782
,1953
,3386
,279
,-3415
,-3451
,87
,3530
,1719
,-2229
,-3507
,-307
,3719
,1906
,-1430
,-2720
,-1113
,3067
,2174
,-1328
,-3344
,-1890
,3310
,3244
,-1101
,-3740
,-2318
,2693
,3581
,836
,-2020
,-2891
,995
,3958
,2290
,-1980
,-3106
,250
,2748
,1721
,-1906
,-3244
,-421
,3114
,2954
,-1967
,-4201
,-1923
,2128
,4183
,171
,-3384
,-2999
,621
,3843
,725
,-2518
,-2365
,251
,3665
,1187
,-3043
,-3500
,229
,5193
,3689
,-1819
,-4106
,-2040
,2167
,3368
,1097
,-2150
,-2210
,1662
,2973
,252
,-2915
,-2041
,2050
,2928
,782
,-2639
,-4350
,-141
,3697
,2745
,-1260
,-3599
,-541
,2249
,1116
,-1519
,-2971
,-525
,2962
,3308
,-519
,-4356
,-3092
,1704
,4603
,1471
,-3646
,-3186
,1353
,3738
,1648
,-1698
,-2285
,-461
,2787
,3346
,-1245
,-3868
,657
,5488
,2470
,-4026
,-5292
,-1738
,5449
,6422
,-1840
,-9693
,-10270
,3240
,11731
,6642
,766
,-7488
,-6858
,-3054
,806
,11303
,8739
,621
,-9589
,-15027
,-5292
,5565
,16730
,12485
,-4124
,-17261
,-18450
,1939
,17711
,22427
,6249
,-20116
,-22926
,-10136
,16833
,23380
,7055
,-6670
,-20154
,-10497
,3050
,16232
,20173
,750
,-9907
,-20906
,-12475
,7033
,17071
,20765
,-5906
,-22315
,-21751
,-4742
,24545
,22882
,9300
,-17660
,-28116
,-8715
,10713
,28624
,13270
,-7212
,-19894
,-20539
,2956
,13913
,22227
,8420
,-12614
,-16402
,-18201
,4884
,19814
,21220
,5142
,-24221
,-23504
,-9134
,18683
,27826
,9533
,-10841
,-28983
,-13282
,6910
,21385
,20436
,-5190
,-15441
,-20322
,-4784
,14182
,17302
,14982
,-7092
,-17320
,-16741
,-3228
,18356
,19561
,9131
,-17845
,-26957
,-11920
,10484
,29153
,13657
,-6925
,-23600
,-18597
,7960
,20239
,22422
,427
,-16867
,-17728
,-11213
,10806
,17309
,15371
,-2183
,-21255
,-17318
,-6026
,18831
,24425
,9170
,-11740
,-29156
,-14026
,8154
,25789
,18475
,-9764
,-22676
,-21574
,3676
,20870
,18614
,5016
,-15429
,-13227
,-7625
,5384
,17827
,11730
,2012
,-16913
,-17936
,-4463
,10893
,23258
,8202
,-9421
,-21719
,-14797
,8644
,19637
,18427
,-5053
,-21316
,-17699
,-3128
,18746
,17990
,5423
,-11100
,-18171
,-6876
,3408
,16188
,14397
,938
,-11581
,-19684
,-8065
,7983
,21176
,15374
,-7583
,-20878
,-19304
,3734
,22529
,20314
,1336
,-20665
,-19115
,-4507
,13605
,20330
,7290
,-7368
,-18056
,-11996
,2617
,14218
,18279
,4013
,-11352
,-19553
,-12360
,7677
,20085
,16560
,-5335
,-22630
,-20493
,-890
,21782
,22468
,4578
,-17199
,-21633
,-6139
,11223
,20987
,11143
,-5671
,-16312
,-15872
,-1155
,11844
,18390
,9397
,-8298
,-17767
,-15536
,4001
,20194
,18742
,1122
,-20077
,-21794
,-6650
,15753
,23697
,7576
,-12328
,-21849
,-10636
,7747
,18757
,15128
,-2699
,-13789
,-15842
,-5836
,9488
,16610
,12562
,-5710
,-18430
,-17123
,-1505
,19956
,21413
,4988
,-17126
,-23598
,-7417
,13380
,25088
,11225
,-10771
,-20597
,-14318
,5481
,16981
,16229
,2147
,-13493
,-15629
,-9146
,6566
,17447
,14004
,-1198
,-18493
,-19273
,-4379
,16705
,23257
,6943
,-14574
,-24763
,-10760
,12011
,23415
,14183
,-8627
,-19804
,-15359
,1795
,17365
,17030
,4868
,-11499
,-17493
,-10417
,4929
,18980
,15909
,-165
,-17232
,-20986
,-5760
,15097
,24093
,9855
,-13023
,-23556
,-13900
,8709
,23255
,16033
,-5276
,-19467
,-16822
,-1358
,14290
,17285
,6546
,-8967
,-16268
,-11295
,2178
,16499
,17475
,2687
,-14808
,-20764
,-8459
,12743
,23323
,11791
,-10338
,-22666
,-14677
,6223
,21620
,17980
,-2139
,-18092
,-17699
,-3268
,13176
,17968
,8341
,-8093
,-17239
,-13538
,2
,15458
,18012
,5250
,-13054
,-22001
,-10558
,10627
,23772
,14578
,-8235
,-21951
,-17101
,3338
,20780
,18949
,470
,-16302
,-17670
,-5471
,10738
,17597
,10009
,-4459
,-14856
,-13640
,-2477
,12479
,18849
,7652
,-10082
,-20854
,-13451
,7237
,21673
,16125
,-5388
,-20480
,-17940
,-206
,17990
,18698
,3143
,-13373
,-17363
,-7236
,7238
,17015
,12321
,-2342
,-13459
,-15552
,-5033
,10698
,19302
,10488
,-8262
,-20080
,-15258
,4590
,21324
,18729
,-1787
,-19973
,-19105
,-2262
,16614
,20046
,4675
,-12052
,-18068
,-9390
,5644
,16022
,14174
,-644
,-13182
,-16464
,-6444
,10635
,19553
,11897
,-7856
,-20570
,-15898
,2641
,21023
,19704
,64
,-18958
,-21270
,-4123
,15238
,21151
,7662
,-10527
,-17928
,-11733
,4035
,15554
,15605
,2533
,-11752
,-16838
,-10166
,7565
,19994
,14501
,-3811
,-20138
,-18397
,-844
,18655
,21542
,2611
,-16435
,-21234
,-7034
,12535
,19884
,10198
,-8061
,-16491
,-12345
,1041
,14306
,15620
,4855
,-9470
,-16494
,-10924
,4571
,19123
,16140
,-1639
,-18383
,-19826
,-3212
,16202
,22267
,5960
,-14482
,-20844
,-10069
,9773
,19369
,12332
,-4570
,-16230
,-13832
,-2049
,11796
,16421
,7032
,-6899
,-16437
,-12752
,2309
,17468
,17816
,809
,-16167
,-19818
,-5232
,14548
,21295
,8074
,-12360
,-20291
,-11118
,7325
,18827
,13076
,-2893
,-14783
,-14253
,-3128
,10102
,16541
,8630
,-5308
,-15445
,-14560
,-306
,15521
,18939
,4182
,-14313
,-20333
,-9115
,11037
,21562
,11529
,-8290
,-19703
,-13806
,3269
,16660
,15140
,681
,-11815
,-14441
,-6251
,6694
,15302
,11581
,-1622
,-13190
,-15356
,-3947
,12732
,18989
,7320
,-11233
,-19983
,-11319
,7541
,20208
,13140
,-5562
,-17768
,-14581
,1003
,14384
,15333
,3068
,-9823
,-14001
,-8361
,4099
,14156
,12760
,787
,-11994
,-15846
,-6077
,10779
,19497
,9909
,-8451
,-19626
,-13341
,4998
,19309
,15145
,-3052
,-16506
,-15901
,-1806
,12677
,15854
,5556
,-8121
,-13922
,-9920
,1864
,13389
,13875
,2975
,-10682
,-16543
,-8413
,8104
,19314
,12004
,-5943
,-18787
,-15151
,2738
,18061
,16789
,-449
,-15094
,-16275
,-4238
,11092
,16114
,7480
,-6157
,-13466
,-10561
,-202
,11975
,14578
,4719
,-8730
,-16728
,-10293
,5445
,18320
,14035
,-3845
,-17422
,-16397
,-105
,16160
,17258
,2648
,-12826
,-16031
,-6403
,8052
,15629
,9188
,-3510
,-12394
,-11693
,-2240
,9603
,14925
,6786
,-6281
,-15331
,-11885
,3036
,16648
,15404
,-825
,-15932
,-17267
,-3056
,14180
,17817
,4819
,-10911
,-16167
,-7780
,6184
,14903
,10365
,-2015
,-11022
,-12173
,-3932
,7924
,14449
,8340
,-4466
,-14371
,-13046
,625
,15316
,16424
,1671
,-14149
,-17500
,-5218
,12195
,18178
,6681
,-9217
,-16022
,-9426
,4012
,13889
,11892
,129
,-9961
,-12959
,-5889
,6488
,14885
,10402
,-3328
,-14479
,-14459
,-1322
,14491
,17234
,3583
,-12970
,-17827
,-6686
,10231
,18093
,8600
,-7081
,-15094
,-10460
,2306
,12404
,12513
,2051
,-8622
,-12793
,-7660
,4597
,14118
,11691
,-811
,-13356
,-15321
,-3767
,12551
,17932
,5747
,-10962
,-18152
,-9078
,8037
,17709
,10667
,-5194
,-14258
,-11419
,93
,11163
,12792
,3903
,-6965
,-12514
,-8854
,2226
,13254
,13064
,1034
,-12038
,-15844
,-5278
,11141
,18135
,7584
,-9737
,-18017
,-10618
,6049
,17226
,12082
,-3216
,-13891
,-12534
,-1293
,10277
,13728
,5514
,-5880
,-12510
,-10463
,353
,11990
,14081
,3373
,-10751
,-16442
,-7762
,9107
,18378
,9936
,-6943
,-17123
,-11859
,3670
,15503
,12905
,-1143
,-12068
,-12943
,-3799
,8068
,13234
,7301
,-3836
,-11467
,-10794
,-1248
,10951
,14457
,4790
,-9158
,-16331
,-9353
,6761
,17622
,11481
,-5222
,-16422
,-13154
,1636
,14583
,14020
,1136
,-10855
,-13233
,-5369
,6273
,13103
,8699
,-2379
,-10998
,-11984
,-3082
,9490
,14967
,6973
,-7312
,-15781
,-10769
,4737
,16991
,13069
,-2828
,-15602
,-14352
,-581
,13137
,14776
,2819
,-9467
,-13316
,-6971
,4671
,12249
,9962
,-343
,-9799
,-12386
,-5345
,7767
,15285
,8916
,-5434
,-15827
,-12549
,2195
,15903
,14698
,-273
,-13797
,-15261
,-3183
,11152
,15063
,5376
,-7426
,-12562
,-8034
,2366
,10722
,10060
,1762
,-6818
,-10876
,-7093
,3026
,12073
,10419
,-173
,-11072
,-13308
,-3473
,10286
,15049
,5561
,-8526
,-15040
,-8203
,5846
,14306
,8924
,-3205
,-11342
,-10129
,-734
,8825
,10858
,3907
,-4979
,-10332
,-8164
,1355
,10951
,11082
,1543
,-9765
,-13443
,-5225
,8662
,15099
,7013
,-6688
,-14598
,-9277
,4387
,13648
,9987
,-1849
,-10481
,-10642
,-2413
,7604
,10990
,5158
,-3700
,-9842
,-8963
,-476
,9817
,11662
,3220
,-7990
,-13300
,-6662
,6641
,14621
,8560
,-5015
,-13764
,-10396
,2269
,12656
,10908
,-11
,-9423
,-10894
,-3594
,6212
,10907
,6201
,-2488
,-9243
,-9709
,-1907
,8613
,12261
,4930
,-6802
,-13493
,-8366
,5076
,14494
,9924
,-3266
,-13140
,-11321
,509
,11531
,11643
,1513
,-8138
,-10998
,-4999
,4736
,10457
,7461
,-896
,-8279
,-10143
,-3564
,7329
,12355
,6235
,-5304
,-13143
,-9410
,3283
,13721
,10914
,-1598
,-11824
,-11741
,-1221
,9930
,11880
,3191
,-6760
,-10692
,-6215
,3020
,9712
,8235
,483
,-7429
,-10379
,-4893
,5764
,12194
,7592
,-3543
,-12464
,-10540
,1400
,12754
,11989
,165
,-10895
,-12391
,-2855
,8772
,12201
,4646
,-5610
,-10509
,-7271
,1610
,9184
,9099
,1928
,-6551
,-10632
,-6158
,4355
,12021
,8733
,-2052
,-11775
,-11503
,-471
,11488
,12782
,2055
,-9453
,-12567
,-4653
,7069
,11938
,6014
,-3973
,-9826
,-8050
,-205
,7918
,9507
,3441
,-5103
,-10526
,-7381
,2722
,11608
,9933
,-519
,-10684
,-11990
,-2012
,10125
,12837
,3554
,-8136
,-12393
,-6036
,5367
,11702
,7280
,-2366
,-9206
,-8669
,-1491
,6856
,9800
,4515
,-3828
,-10114
,-8523
,937
,10498
,10820
,1220
,-9562
,-12409
,-3867
,8723
,13122
,5228
,-6543
,-12189
,-7192
,3537
,10978
,8177
,-1035
,-8237
,-9132
,-2784
,5627
,9853
,5985
,-2426
,-9487
,-9470
,-772
,9646
,11636
,3045
,-8516
,-12965
,-5739
,7099
,13457
,6858
,-4969
,-11997
,-8467
,2068
,10288
,9137
,361
,-7294
,-9262
,-4150
,4281
,9434
,6927
,-1052
,-8665
,-9798
,-2257
,8454
,11733
,4263
,-6991
,-12716
,-6810
,5488
,13039
,7952
,-3695
,-11250
,-9071
,775
,9368
,9434
,1580
,-6312
,-9143
,-5256
,2895
,9162
,7853
,295
,-8068
,-10290
,-3512
,7296
,12030
,5474
,-5693
,-12427
,-8008
,3873
,12331
,8864
,-2396
,-10551
,-9408
,-334
,8540
,9623
,2636
,-5284
,-8854
,-5798
,1806
,8648
,8323
,1153
,-7401
,-10636
,-4517
,6368
,12297
,6690
,-4659
,-12274
,-9125
,2580
,11977
,9884
,-924
,-9930
,-10106
,-2072
,7079
,9917
,4239
,-3608
,-8450
,-7021
,10
,7651
,9202
,2995
,-5792
,-10699
,-6448
,4216
,11639
,8058
,-2636
,-11153
,-9828
,484
,10622
,10583
,1024
,-8255
,-10187
,-3486
,5640
,9839
,5315
,-2670
,-8084
,-7567
,-1102
,6651
,9146
,4040
,-4486
,-10160
,-7337
,2621
,11192
,8957
,-1326
,-10464
,-10236
,-533
,9586
,10486
,1501
,-7538
,-9349
,-3056
,5393
,8776
,3993
,-3318
,-7018
,-5122
,446
,5526
,5989
,1456
,-3613
,-6341
,-4145
,1837
,7259
,6002
,-602
,-6740
,-7431
,-1297
,6443
,8468
,2282
,-5457
,-8286
,-3762
,3867
,8032
,4525
,-2319
,-6186
,-5081
,-244
,4546
,5612
,1994
,-2555
,-5466
,-4352
,519
,6006
,5996
,595
,-5306
,-6866
,-2028
,4771
,7399
,2593
,-3986
,-6750
,-3625
,2596
,6431
,4158
,-1327
,-4810
,-4374
,-754
,3583
,5103
,1987
,-2029
,-4764
,-3970
,-80
,4813
,5620
,1078
,-4176
,-6461
,-2735
,3863
,7261
,3580
,-3094
,-6515
,-4263
,1529
,6018
,4607
,-496
,-4352
,-4601
,-1389
,2771
,5211
,2716
,-1380
,-4306
,-4091
,-558
,3944
,5420
,1636
,-3501
,-5957
,-3152
,2864
,6508
,3763
,-2125
,-5721
,-4034
,927
,5122
,4459
,-62
,-3525
,-4187
,-1670
,1895
,4399
,2981
,-633
,-3661
,-4136
,-1194
,3337
,5406
,2331
,-2696
,-5717
,-3571
,1972
,5975
,4017
,-1354
,-5013
,-4273
,70
,4368
,4600
,721
,-2707
,-3778
,-2074
,923
,3717
,3175
,189
,-2817
,-4100
,-1968
,2290
,5107
,2830
,-1803
,-4990
,-3846
,1035
,5177
,4225
,-535
,-4294
,-4134
,-597
,3553
,4552
,1148
,-2225
,-3573
,-2104
,598
,3335
,3369
,355
,-2561
,-4010
,-2096
,1894
,4685
,2985
,-1444
,-4499
,-3614
,578
,4660
,4100
,-70
,-3667
,-3938
,-873
,2615
,4059
,1374
,-1571
,-2964
,-2213
,156
,2595
,3248
,886
,-1893
,-3396
,-2315
,1092
,3887
,2915
,-561
,-3764
,-3624
,-291
,3787
,4208
,518
,-2854
,-3707
,-1119
,2132
,3644
,1605
,-1268
,-2564
,-2290
,-399
,2108
,3054
,1195
,-1395
,-2993
,-2240
,571
,3521
,2924
,-128
,-3080
,-3491
,-766
,2827
,3919
,910
,-2240
,-3237
,-1420
,1463
,3176
,1855
,-642
,-2091
,-2065
,-723
,1491
,2714
,1202
,-939
,-2525
,-2092
,70
,2759
,2833
,248
,-2298
,-2989
,-989
,2073
,3344
,1131
,-1662
,-2835
,-1608
,787
,2760
,2031
,-248
,-1785
,-2069
,-819
,1171
,2629
,1381
,-754
,-2303
,-2240
,-257
,2421
,2869
,538
,-2102
,-2900
,-1099
,1735
,3183
,1230
,-1295
,-2480
,-1575
,427
,2156
,1956
,14
,-1315
,-1840
,-1042
,737
,2281
,1553
,-396
,-1970
,-2085
,-568
,1870
,2633
,831
,-1491
,-2698
,-1366
,1174
,3030
,1655
,-954
,-2324
,-1806
,179
,1942
,1869
,129
,-1162
,-1554
,-1077
,260
,1902
,1642
,74
,-1538
,-1947
,-797
,1298
,2325
,853
,-1044
,-2108
,-1313
,613
,2139
,1474
,-424
,-1538
,-1359
,-205
,1242
,1526
,349
,-721
,-1235
,-986
,-138
,1335
,1486
,277
,-1081
,-1663
,-787
,877
,1984
,1026
,-737
,-1786
,-1343
,301
,1723
,1414
,-138
,-1328
,-1312
,-356
,942
,1437
,469
,-482
,-1015
,-896
,-243
,957
,1371
,412
,-808
,-1529
,-863
,685
,1723
,991
,-568
,-1445
,-1028
,185
,1301
,1063
,-55
,-851
,-993
,-414
,477
,1111
,533
,-230
,-658
,-716
,-341
,472
,1001
,507
,-317
,-950
,-885
,73
,1133
,892
,-166
,-907
,-733
,41
,746
,636
,-111
,-414
,-310
,-80
,112
,315
,141
,-58
,-70
,-120
,-150
,45
,280
,131
,-34
,-160
,-200
,-77
,175
,142
,-25
,-69
,-53
,-85
,38
,151
,46
,49
,-18
,-72
,-70
,127
,68
,-71
,-11
,23
,-10
,-12
,48
,-27
,-3
,50
,-10
,-42
,60
,2
,-78
,-32
,51
,20
,5
,65
,-58
,17
,69
,22
,-35
,77
,93
,-82
,-47
,-10
,11
,42
,60
,-50
,-50
,21
,40
,-35
,-2
,24
,-17
,39
,12
,-14
,-25
,64
,15
,-7
,76
,66
,-4
,-8
,14
,28
,56
,46
,-36
,-53
,41
,-1
,-10
,-2
,-3
,22
,41
,18
,-77
,29
,102
,47
,-15
,0
,-16
,65
,105
,24
,-79
,42
,113
,48
,-35
,-59
,40
,85
,73
,-96
,-111
,46
,108
,37
,-41
,-37
,-23
,33
